1 1.0000000000000000e+00
2 -1.7573298361244192e+00
3 1.3345832971002485e+00
4 2.2421083649693081e+00
5 1.2160193821261440e+00
6 -2.1145993296679468e+00
7 -8.8657073203432801e-01
8 -1.7982220239555620e+00
9 -2.7438127464171597e-01
10 -4.8583672985911139e+00
11 -1.8602099803084462e+00
12 1.1377705368762261e+00
13 8.7540032099580045e-01
14 1.6114934261878500e+00
15 1.1629594540154673e+00
16 1.2572596271109846e+00
17 -7.5135818770075991e-01
18 -1.4368061840783677e-01
19 -7.0356847642889220e-01
20 2.1784549530846000e+00
21 -1.0150557314657034e+00
22 1.8448937300544592e+00
23 -5.2814005187722035e-01
24 -1.6846788155266534e+00
25 1.6113032988574361e-01
26 -1.5591286489659990e+00
27 -6.8210815223492083e-01
28 -1.9384605418943011e+00
29 1.4412457036451687e+00
30 -2.0409259132787931e+00
31 7.0179929463920529e-02
32 3.9540612891893295e-01
33 -1.2341567393777981e+00
34 1.2139713996901931e+00
35 -1.0062346118438106e+00
36 5.2935202922313818e-01
37 -1.1380076857649581e+00
38 1.0841956195374265e+00
39 9.6841138800325366e-01
40 -1.7534916682489934e+00
41 -5.9506179290641226e-01
42 1.7620601886542067e+00
43 7.8478240334205840e-01
44 -2.0918141560476435e+00
45 5.9185136514415715e-01
46 9.2053677800058331e-01
47 -9.2673360468205623e-01
48 9.3930175831936524e-01
49 -3.0519108746749256e-02
50 -6.2152860249452831e-02
51 -8.5717016229104648e-01
52 1.7282178359178042e+00
53 -1.7015415408750656e+00
54 1.4223862335275990e+00
55 -1.2957678512322781e+00
56 1.5721719290372305e+00
57 -5.5853560436161254e-01
58 -2.3293528888870054e+00
59 1.2995113231313797e+00
60 1.4386711765587015e+00
61 -1.6667325215213153e+00
62 -2.6269444819162602e-01
63 -5.6551393843536933e-02
64 -1.3196308031102821e+00
65 9.4478326222785014e-01
66 1.5085479617938859e+00
67 -8.3370580101868808e-01
68 -1.4695061072239868e+00
69 -4.2167224758904087e-01
70 1.7084782976355133e+00
71 -3.2891153986969252e-01
72 -6.9033695353022284e-01
73 -2.0360730350539384e+00
74 1.7997417559249829e+00
75 1.6614699053436040e-02
76 -1.1196649051619025e+00
77 9.1103193398398807e-01
78 -1.6784856265543822e+00
79 7.6936581102618529e-01
80 7.8658052221874619e-01
81 -1.6071352633909961e+00
82 1.1650404512860757e+00
83 1.9404463529899705e+00
84 -1.9022567243863369e+00
85 -7.9014368908460730e-01
86 -1.4587335377844939e+00
87 1.2966938364154761e+00
88 1.6584350067681342e+00
89 2.6392661172723486e-01
90 -3.9178215236441549e-01
91 -7.9961977291853337e-01
92 -9.7677905657915853e-01
93 1.8482744189545469e-01
94 1.3548307821373879e+00
95 -5.5666739043824465e-01
96 2.6517081098377294e-02
97 -4.5625652094966335e-01
98 2.5505126909964484e+00
99 -8.7272032680534531e-02
100 2.6584421712381262e-01
101 -5.4794993296847894e-01
102 1.3777536647625206e+00
103 -1.1578737064248370e+00
104 -1.3935410216910784e+00
105 -9.9694627510739775e-01
106 3.1257530108925340e+00
107 1.9647569891234768e+00
108 -2.0713324073311274e+00
109 -1.4186834284776659e+00
110 1.9507944651137048e+00
111 -8.6565846803798718e-01
112 -7.1645013968562854e-01
113 -5.2662808403395545e-01
114 1.0381581025997779e+00
115 -5.0617778456497153e-01
116 2.5260109741047176e+00
117 1.9445654815336397e-01
118 -2.2277621887459702e+00
119 5.1107482215316835e-01
120 -1.8858841493695901e+00
121 1.1729453583680741e-01
122 2.7213790444834318e+00
123 -7.1353038941719171e-01
124 3.2716873956424114e-01
125 -1.1282657095738478e+00
126 2.5524469505780129e-01
127 -1.0590170075520153e+00
128 1.8842336175584780e+00
129 1.2141771551792269e+00
130 -1.6809467873326807e+00
131 3.2748062399584138e-01
132 -2.2590734154834737e+00
133 7.3104351102152021e-01
134 3.1156480813319756e+00
135 -1.2134818233666560e+00
136 1.2705168063106214e+00
137 8.9287992085990608e-01
138 9.1835596571995970e-01
139 -4.7019883433383580e-01
140 -1.9407499334774665e+00
141 -5.1321760371230651e-01
142 6.0076575354182737e-01
143 -9.1390389798058358e-01
144 1.6936982677767767e-01
145 1.3672117957910372e+00
146 1.4424706787329358e+00
147 -5.5319998371163170e-01
148 -1.5791875866382177e+00
149 1.0721143778542961e+00
150 9.5662083305732698e-02
151 -1.0898767161178644e+00
152 9.1956284245934650e-01
153 -1.6132266582481217e-01
154 -1.6188296255879853e+00
155 1.2787711870380403e-01
156 1.9388559328516686e+00
157 1.3674391752132500e+00
158 -1.0827770228910505e+00
159 -2.2192886566738181e+00
160 2.2929421109824250e-01
161 4.7157277019460592e-01
162 2.2828683289675493e+00
163 6.7678635400209508e-01
164 -1.2365035466328052e+00
165 -1.2306456515015247e+00
166 -3.1472928588744309e+00
167 1.6915513089201866e+00
168 8.4009714433186200e-01
169 -4.5889433661847301e-01
170 1.2781121710107961e+00
171 -2.9151793242313068e-01
172 1.8622703333875374e+00
173 -8.4084334154602025e-01
174 -2.4375445778997631e+00
175 -1.2811647007033797e-01
176 -8.5322262687460826e-01
177 1.7281558228971186e+00
178 -2.5136433188002660e-01
179 -5.6983816161944323e-01
180 2.8170081960676707e-01
181 8.7054736524691001e-01
182 1.4287175249431912e+00
183 -1.6005810699517062e+00
184 7.2709692558902761e-01
185 -9.6265505780859473e-01
186 -2.6062425522666610e-01
187 7.6935569736749865e-01
188 -1.4272629958193315e+00
189 6.1480829437032780e-01
190 1.2413965996504071e+00
191 1.8421892950202299e+00
192 -1.2742953105692407e+00
193 -1.6355741510063013e-01
194 7.9832301618824686e-01
195 1.0907116374233048e+00
196 -6.8130127800963436e-01
197 6.0994043779412865e-01
198 2.2788748098847619e-01
199 -1.8482193213256187e-01
200 -1.6814084190313738e-01
201 -4.6320918632974478e-01
202 1.0354503441099292e+00
203 -1.1674325837756867e+00
204 -1.5933114004948565e+00
205 -6.9735870649087273e-01
206 1.9123826849037617e+00
207 -2.5380983211439417e-01
208 7.2135260385968902e-01
209 5.9853155897905819e-01
210 1.8180494317609142e+00
211 1.7557519184607431e+00
212 -3.5744450863319472e+00
213 -5.4530784399174503e-01
214 -3.4066943202876829e+00
215 9.7163790344214118e-01
216 1.7889710059173083e+00
217 -3.3277313707129295e-02
218 3.1005131879297170e+00
219 -1.0700521175120914e+00
220 -1.9566763234371678e+00
221 -8.5562537589346921e-01
222 2.9917055409544497e+00
223 5.4987501641145553e-01
224 -4.0310447875101946e-01
225 1.1634389357181396e-01
226 6.4459493985229643e-01
227 -7.2619294244340349e-01
228 -1.2831367610001756e+00
229 2.3645647714234425e-01
230 8.9667236506951054e-01
231 1.0327735517942860e+00
232 -2.0236553930143568e+00
233 -1.9769804636672014e-01
234 -3.1050721389685210e-01
235 -7.0951962081771569e-01
236 2.8115006340513826e+00
237 3.6695024929427006e-01
238 -1.1693548806363430e+00
239 1.9887803214338498e-01
240 9.6536421092801794e-01
241 2.7499679798258669e-01
242 -8.6263075979116630e-02
243 -1.7635149308172735e-01
244 -3.0732512009694299e+00
245 -3.4747418256361695e-01
246 1.2372450394737715e+00
247 -4.6177365258889602e-01
248 -2.1622099108967804e-01
249 1.7687996431742266e+00
250 1.7265066738999375e+00
251 -1.4359420890369687e+00
252 -3.2802527346439980e-01
253 5.7373910751138602e-01
254 1.8710197061488576e+00
255 -8.6393174693314456e-01
256 -1.9772682199653269e+00
257 -4.9328172293796962e-01
258 -1.8030593186836155e+00
259 8.6911368849909643e-01
260 1.8291879482955475e+00
261 4.3337924972122482e-01
262 -8.9610021354235325e-01
263 6.4257869299982251e-01
264 1.8347152094617303e+00
265 -2.0235471870637656e+00
266 -8.6527246582117834e-01
267 -2.9784492485954083e-03
268 -1.1144475924442250e+00
269 1.0276041055582732e+00
270 1.8678693954026131e+00
271 1.6919245440508639e+00
272 -6.2393527429347562e-01
273 -8.2732461781334898e-01
274 -1.4610473926003691e+00
275 -1.6257525198021675e-01
276 -1.1455092874147546e+00
277 -6.3632718986105685e-01
278 7.4701990032056620e-01
279 4.4583742535690758e-02
280 1.5038933440663516e+00
281 9.3863139490694830e-02
282 1.2371787666275398e+00
283 -5.6304803895217959e-01
284 -7.0034850219880662e-01
285 -7.3189485150036382e-01
286 1.5022159899215846e+00
287 6.2871045208185206e-01
288 2.3884046168790007e-01
289 -3.7289449013272669e-01
290 -2.4353464103015257e+00
291 -4.9919735948789773e-01
292 -1.7511521671578840e+00
293 1.0536710131665517e+00
294 6.6334735712475124e-01
295 1.5618494377191958e+00
296 1.4282796440882024e+00
297 9.1679977259789902e-01
298 -1.9644641081569028e+00
299 -4.0302720771264378e-01
300 3.3000801320646733e-01
301 -7.0444932949634753e-01
302 1.7010551905973978e+00
303 -7.1092457038936363e-01
304 -5.2204963361329881e-01
305 -1.5458122848043072e+00
306 2.9251158337532096e-01
307 5.9253346687655373e-01
308 1.8215852552042322e+00
309 -1.3539021040944490e+00
310 -2.1041698387742169e-01
311 7.9533441242906544e-01
312 -1.5949182711490937e+00
313 1.9093905201932024e+00
314 -2.2235858103331099e+00
315 -2.5481817784407340e-01
316 1.1349396904381250e+00
317 -3.7112061135337432e-01
318 3.5953484025444649e+00
319 -1.3589579385134869e+00
320 -1.4039572942788883e+00
321 2.0672680090099398e+00
322 -7.4157418528615560e-01
323 3.4131485529771299e-01
324 -2.0351455910773950e+00
325 -2.2869341597545959e-03
326 -1.3297081586083608e+00
327 -1.8861903144986403e+00
328 7.6575471876898515e-01
329 1.1156776521708367e+00
330 1.9794734911120930e+00
331 -1.0144852961053011e-01
332 3.7272208159896207e+00
333 -9.2978164306814037e-01
334 -2.3017127929019954e+00
335 -5.4609496722589967e-01
336 -1.2853668088467702e+00
337 1.8191926041147475e+00
338 4.5902996226571992e-02
339 6.6560314518717342e-02
340 -1.2718520222704666e+00
341 -8.3524140177234463e-01
342 1.1170645825336809e+00
343 8.9327580239269000e-01
344 -1.6512901613537438e+00
345 -3.5210116603326869e-01
346 3.9576377170996041e-01
347 -1.3033602695533890e+00
348 3.1398134545862195e+00
349 4.2729508396533289e-01
350 9.4976593126981901e-01
351 -5.2009154953318271e-01
352 -1.9837692373954461e+00
353 1.7370305295465591e+00
354 -3.8170445393243955e+00
355 -6.4619539880046806e-01
356 4.8057057827242255e+00
357 -1.9345030627559039e+00
358 3.2472554975274543e+00
359 -2.1120482623181167e+00
360 -3.3880336251621395e+00
361 4.8088986374629306e+00
362 -6.7979287373702189e+00
363 8.1312160140129262e+00
364 -3.7534652255520706e+00
365 -3.5805261561471062e+00
366 5.0412376918845796e+00
367 -7.7312627741859297e+00
368 4.7318155264872157e+00
369 -2.3628418414969365e+00
370 9.3863364270105976e+00
371 1.9329719067175797e+00
372 5.8057178836003998e-01
373 -9.7315068437552981e+00
374 -5.3005618907404042e+00
375 5.3917526414966312e+00
376 -1.1485099599734649e+01
377 3.3032488958522620e+01
378 -1.8114570934477964e+01
379 7.8179210151539307e+00
380 -7.4406166978591539e+00
381 -3.8639546793520530e+01
382 4.3287411469471081e+01
383 -3.4768001349778977e+01
384 5.6927594144001809e+01
385 9.1303429519448565e-01
386 -3.7566759928913939e+01
387 2.0281175872229042e+01
388 -5.7926793093554132e+01
389 4.7753786365136087e+01
390 -1.5032819279927310e+01
391 3.8069151746305238e+01
392 2.5594880823020625e+00
393 -1.1694332177441142e+01
394 -2.7577475048358377e+01
395 -4.2199236834006562e+01
396 6.9341681028113840e+01
397 -9.4181035551801017e+01
398 1.7855447941825508e+02
399 -8.3731018249411449e+01
400 -9.6781994437852763e+00
401 5.7133550242156581e+01
402 -2.4209011429815575e+02
403 2.6780300512399862e+02
404 -2.2869778764225003e+02
405 1.8605472600766032e+02
406 1.4550312730260760e+02
407 -2.6604271013814252e+02
408 1.9866170854894375e+02
409 -3.3136219190435310e+02
410 1.2723925984030025e+02
411 5.7914938258665231e+01
412 8.8334271072085357e+01
413 1.0214150832508363e+02
414 -7.9389350541660903e+01
415 -1.5479021742127233e+02
416 -1.0400781094323501e+02
417 2.6431525474984801e+02
418 -5.3661474334305638e+02
419 7.8401131363517447e+02
420 -2.4200024757125763e+02
421 -1.1410780123108729e+02
422 5.5442351467537003e+02
423 -1.2794314709508333e+03
424 1.0329341367462707e+03
425 -7.4653206002717479e+02
426 -1.9142398723512137e+01
427 1.4954281194934213e+03
428 -1.3246458552728061e+03
429 1.0410138950060593e+03
430 -3.7070801658487250e+02
431 -1.7892303489149422e+03
432 1.2561533496936502e+03
433 -6.0348550197878058e+02
434 1.1185638886725435e+03
435 2.0412606264293559e+03
436 -3.0256042257838849e+03
437 1.3686251861899038e+03
438 -1.6444339240486111e+03
439 -2.0991143692773458e+03
440 3.9215755238031238e+03
441 -1.2393751838078235e+03
442 2.1965309075834325e+03
443 1.4995151935452691e+03
444 -3.6396233322664248e+03
445 -1.9902446051018278e+03
446 3.6108273668401529e+02
447 -4.6893354376248226e+03
448 1.0899896735612854e+04
449 7.6114761437769459e+02
450 -5.5292242419289987e+03
451 1.4152783134488573e+04
452 -3.0066680639380742e+04
453 1.4906703164655346e+04
454 -4.9196062968980568e+03
455 -5.4745502005384778e+03
456 4.5070429391325350e+04
457 -4.0847442517436568e+04
458 2.8917624702929606e+04
459 -3.6411265038342484e+04
460 -1.7674566395951791e+04
461 3.8210847013721017e+04
462 -1.9403492364338501e+04
463 5.3999783462407111e+04
464 -2.5824080344302129e+04
465 8.3644098758834407e+03
466 -6.3271599496084054e+04
467 2.5990579795835263e+04
468 -3.0712189759143523e+04
469 3.6319013802362089e+04
470 1.1256926052495048e+05
471 -1.4812522767014831e+05
472 1.9672301786870693e+05
473 -2.9876921280050522e+05
474 9.5953445889110342e+04
475 7.2097429199007674e+04
476 -2.1375443646968619e+05
477 5.2707859972231369e+05
478 -4.3302954036750534e+05
479 2.8453530625343230e+05
480 -2.3741883899870366e+05
481 -2.7455605116404057e+05
482 4.0576514671788213e+05
483 -3.2271228447991138e+05
484 6.3591865278134448e+05
485 -2.6851689957380830e+05
486 1.2074499230424421e+05
487 -5.8701311202632170e+05
488 1.5226673721225932e+05
489 -2.2570094285672596e+04
490 -1.3428390758589315e+05
491 1.3781796475411663e+06
492 -1.5481389335436786e+06
493 1.7444928090086128e+06
494 -2.0513244891682963e+06
495 3.9195344326444792e+04
496 1.4505811542301192e+06
497 -2.7426468312878874e+06
498 4.6488289292313997e+06
499 -2.9874021495486917e+06
500 1.1895793983335737e+06
501 -1.3027587904247887e+05
502 -3.3882338362094010e+06
503 3.5598615638946430e+06
504 -2.9144953321046890e+06
505 3.6436015027047796e+06
506 2.6669572945500287e+05
507 7.1849914483760964e+04
508 -3.1772539518747278e+06
509 2.4015571665702012e+05
510 -1.3790009894401515e+06
511 -1.3501136987045591e+06
512 1.0460821062501693e+07
513 -9.2802434890534859e+06
514 1.1053291393343216e+07
515 -1.0759115251144633e+07
516 -4.7360304461996313e+06
517 1.2494599777613552e+07
518 -2.2073148977351997e+07
519 2.7759812111422449e+07
520 -5.8162658521248102e+06
521 -5.3673654377616923e+06
522 1.4408531367023127e+07
523 -3.0975005452757355e+07
524 1.1351576105966356e+07
525 -3.3563292455605941e+05
526 -6.8705006898946278e+06
527 3.9037966064604431e+07
528 -1.2332367126724401e+07
529 -1.8849159052113172e+07
530 2.2103421539717939e+07
531 -6.2751415634644583e+07
532 2.1953579308561217e+07
533 3.5971412749699600e+07
534 -1.3355541946418965e+07
535 7.2042971162579075e+07
536 -6.2147059957561672e+07
537 -3.8788439892332464e+07
538 1.7203537755577926e+07
539 -7.7754903109273493e+07
540 6.2193606669656508e+07
541 1.5319020735147822e+08
542 -1.4709487375199848e+08
543 1.5958642390801620e+08
544 -1.2125610856704275e+08
545 -2.7113069958047527e+08
546 3.6845542642772597e+08
547 -4.6244938549162012e+08
548 6.2959217828324151e+08
549 -3.8963777083965980e+07
550 -3.8678880529708230e+08
551 6.5477415018837285e+08
552 -1.2314002022874501e+09
553 6.9399071001518941e+08
554 -1.9213985854617897e+08
555 2.0206903577729762e+08
556 7.9562876565788567e+08
557 -6.7918073340466571e+08
558 2.5113701804980215e+08
559 -1.1502570065185027e+09
560 5.0110215348541725e+08
561 -9.2964779968452442e+08
562 2.6034957319498076e+09
563 -1.1176287309976428e+09
564 4.0938642830559123e+08
565 1.3417565812724237e+09
566 -6.2100304786531916e+09
567 6.4527856511171694e+09
568 -6.4913666253224115e+09
569 5.6464264949265347e+09
570 2.8911436386149797e+09
571 -7.3405905665439215e+09
572 1.0972838980391901e+10
573 -1.6273996457120260e+10
574 8.1415705459176493e+09
575 -2.4128444605193877e+09
576 7.0230102995118126e+06
577 1.2118502584997046e+10
578 -9.4291504302089558e+09
579 7.5758785033270941e+09
