1 1.0000000000000000e+00
2 -1.9108715283327140e+00
3 1.7061426099780066e+00
4 2.3307207443168689e+00
5 1.3448718214303901e+00
6 -2.3567653426737638e+00
7 -8.7320405565841697e-01
8 -2.0353045188111509e+00
9 -2.8713696748484707e-01
10 -2.1757557365993678e+00
11 -1.1087743524041589e+00
12 2.2212432009018026e+00
13 1.0712826932891575e+00
14 1.7582069413032884e+00
15 6.2872271977418925e-01
16 8.7858252667768300e-01
17 -8.1684845234588888e-01
18 1.2419292469881184e-01
19 -8.2345482665649072e-01
20 5.0421996340367894e+00
21 -1.3016068019707574e+00
22 3.2342164438689998e+00
23 -6.5482499565380448e-01
24 -5.4698625930711942e-01
25 3.1974802112953715e-01
26 -1.4992256376064577e+00
27 -8.4239543697039010e-01
28 -1.9903318897141560e+00
29 2.5828995341053140e+00
30 -2.2862281424832878e+00
31 1.3303018822395532e-01
32 -3.8076061741065897e-01
33 -1.3834619646780402e+00
34 1.4148218320033799e+00
35 -1.0134368732907160e+00
36 6.9428540764443281e-01
37 -1.3228260708003958e+00
38 1.1861004548786642e+00
39 1.1340461037371217e+00
40 -1.8568393961177483e+00
41 -7.3920489135623590e-01
42 1.9660712261548066e+00
43 8.4975897134806755e-01
44 -2.3477182427854513e+00
45 5.2026021074323126e-01
46 1.0589994079561602e+00
47 -9.7808522276524601e-01
48 1.0251768407812412e+00
49 -1.4455380191042685e-01
50 -3.4657215362682953e-01
51 -6.4422041914062911e-01
52 1.9399640687223980e+00
53 -1.8568756384552014e+00
54 1.4805850377148175e+00
55 -1.2563485973850448e+00
56 1.8124641859459885e+00
57 -5.2318044419840215e-01
58 -2.6199933290919404e+00
59 1.3160435055573612e+00
60 2.7482601411915697e+00
61 -1.8440890516112718e+00
62 -5.4420875817989089e-01
63 1.2695544686394118e-02
64 -1.4902137030801530e+00
65 1.0419906058397446e+00
66 2.2341008139957572e+00
67 -9.9396911385959630e-01
68 -2.4083696449796275e+00
69 -4.7740031286798862e-01
70 1.8878127921028991e+00
71 -2.2883760337913378e-01
72 -8.0480185694302386e-01
73 -7.3724666233998160e-01
74 1.9905795337642895e+00
75 3.2583066352327983e-01
76 -1.3091434327198688e+00
77 1.0408556493348233e+00
78 -1.7722811988547251e+00
79 9.0529969752165196e-01
80 9.4910493478830305e-01
81 -2.0284191044037212e+00
82 7.9946078185614466e-01
83 2.1275675280770612e+00
84 -2.0300391983143768e+00
85 -9.1475326055906869e-01
86 -1.5264122399453095e+00
87 1.2856241693191406e+00
88 1.9400503798611617e+00
89 1.3819447567847373e-01
90 -6.7503892476999394e-01
91 -1.0782131111181545e+00
92 -9.6944371498092119e-01
93 1.2544502447126005e-01
94 1.6280569075840021e+00
95 -6.2849998335018120e-01
96 -5.1787609018896515e-02
97 -2.5954870589665813e-01
98 3.2691372696894294e-01
99 5.2887467736841909e-01
100 2.5060454583833763e-01
101 -6.1005285295680822e-01
102 1.6032063540336385e+00
103 -1.2265363310254747e+00
104 -1.5530119895447079e+00
105 -1.0703103768464552e+00
106 3.2989990657943418e+00
107 2.1344506765775551e+00
108 -2.5080378759908872e+00
109 -4.1652476322789844e-01
110 2.1829819306895990e+00
111 -7.2508965046653551e-01
112 -8.1204394116626688e-01
113 -6.7261031694476314e-01
114 1.1098790474965889e+00
115 -5.0659568018865719e-01
116 2.6689767808103744e+00
117 2.0162821802953956e-01
118 -2.3611683097813683e+00
119 6.9146133936823106e-01
120 -2.4750366676932276e+00
121 4.7232590398658861e-02
122 3.0854335409128608e+00
123 -6.9069284465634884e-01
124 3.3257029362936541e-01
125 -1.3036969032659442e+00
126 1.4523492668062232e-01
127 -1.1325963965052812e+00
128 1.9379280233661038e+00
129 1.5316131759595637e+00
130 -1.7304945361363975e+00
131 3.3163162863908963e-01
132 -1.4943014022891874e+00
133 1.0446774487522410e+00
134 1.3647016068309377e+00
135 -1.3480206376686208e+00
136 1.3496735844577417e+00
137 9.1065122308375424e-01
138 9.0181542127039049e-01
139 -6.7272815241508299e-01
140 -2.0134703657306683e+00
141 -2.3526602597463483e-01
142 5.9057953485391468e-01
143 -9.6660578942764186e-01
144 7.9629553932773989e-02
145 1.2994148393166580e+00
146 3.3530166674225583e+00
147 -5.3124427576613131e-01
148 -2.1003689712559872e+00
149 1.2923199992843604e+00
150 -1.3816777505077077e-01
151 -1.0441897239348916e+00
152 9.1233935003952860e-01
153 -1.6652989827942488e-01
154 -1.7030761321240995e+00
155 1.8186282595588571e-01
156 2.0824066415273470e+00
157 1.5867590571898433e+00
158 -1.3306830893077231e+00
159 -2.7145606323412896e+00
160 1.5985654861739365e-01
161 -2.1904646359543674e+00
162 2.6433340786610238e+00
163 8.3234261816096045e-01
164 -1.4729571337356386e+00
165 -1.3417790004308994e+00
166 -3.4774222035441724e+00
167 1.9116465032907755e+00
168 1.5571857756400316e+00
169 -1.2648011103299078e-01
170 1.4721466252731423e+00
171 -5.1716940344145357e-01
172 2.0568724193209085e+00
173 -1.0619465695258652e+00
174 -2.4629903060418794e+00
175 -2.0901763327745090e-01
176 -8.3858163962848875e-01
177 2.3165129450401230e+00
178 1.9294877819734116e-01
179 -9.0402792776416852e-01
180 2.8727862358085132e-01
181 1.0156090423741717e+00
182 1.5039761627516697e+00
183 -1.6965187916293281e+00
184 7.4651028481907200e-01
185 -1.0282808753639794e+00
186 -3.5085550716331487e-01
187 8.7361377955875053e-01
188 -1.3314349733950965e+00
189 6.2671154438919041e-01
190 1.1425814774973386e+00
191 -4.3341350030819781e-01
192 -1.2561665008316427e+00
193 -2.6078548668463319e-01
194 6.5480907468942262e-01
195 1.0782082421860921e+00
196 -1.7565330599393065e+00
197 5.2064983715100399e-01
198 3.4525456109071018e-01
199 -4.2131468862238081e-01
200 -7.3047089156372272e-02
201 -3.4643410295056110e-01
202 1.0758245260317696e+00
203 -1.2864455669783177e+00
204 -1.7273044959592931e+00
205 -7.5267095991816257e-01
206 2.0892403308525784e+00
207 -3.8554696662571575e-01
208 7.4547854956531490e-01
209 7.1157753074021246e-01
210 1.9240582500922134e+00
211 2.0895587120998766e+00
212 -3.9659129796327712e+00
213 -7.9913271068632519e-01
214 -3.6418574643210087e+00
215 1.1512584484581008e+00
216 2.0836345402253360e+00
217 3.5473292957617551e-02
218 3.5087188971598020e+00
219 -1.3024299777545731e+00
220 -2.4974177098949806e+00
221 -7.1408377597580708e-01
222 1.7247030222816084e+00
223 3.8498159622924466e-01
224 -2.7389167517049712e-01
225 3.6021165340483646e-01
226 8.6730585356571321e-01
227 -8.7420410811446614e-01
228 -1.5646101519346389e+00
229 3.5869588181625334e-01
230 9.5044056775183805e-01
231 1.1343865094840908e+00
232 -2.1654549488133097e+00
233 -2.5750260430116367e-01
234 -3.4305745961050932e-01
235 -6.2939517530884570e-01
236 3.1331377590786644e+00
237 2.9124770284932246e-02
238 -1.1146772905472140e+00
239 5.3184048205083802e-02
240 9.1391619566463000e-01
241 -4.0367271978701478e+00
242 -3.4722051976859075e-01
243 -3.6113360659556526e-01
244 -3.1801821856142265e+00
245 -4.0733627240409820e-01
246 1.2882738928718336e+00
247 -5.3981430064002278e-01
248 -1.9468317926294504e-01
249 1.7568286026258535e+00
250 1.9734294654639006e+00
251 -1.4338596387409146e+00
252 -4.9296690139076732e-01
253 5.9562239770149961e-01
254 2.0175983949124978e+00
255 -9.0671401674899077e-01
256 -2.0823997318115008e+00
257 -5.7159697305377766e-01
258 -2.0940490813927659e+00
259 1.0336012589905541e+00
260 1.9949668325455527e+00
261 7.2055915773825174e-01
262 -7.9716696971431977e-01
263 3.5288475399055075e-01
264 1.9204266564096377e+00
265 -2.2396202733500332e+00
266 -8.8323283077944825e-01
267 -2.5165071395029056e-03
268 -9.0646939656212777e-01
269 1.0540082386545968e+00
270 2.2374827703056233e+00
271 2.0048879331025042e+00
272 -6.6540324527926276e-01
273 -1.0248055821499322e+00
274 -1.5575440757692900e+00
275 -2.2156906646911717e-01
276 -1.2714539240344291e+00
277 -5.8563517498613404e-01
278 7.7923107008279868e-01
279 1.2775208434627131e-02
280 1.6388687903410548e+00
281 3.3988116874737179e-01
282 1.1847094893253727e+00
283 -6.7522136084725282e-01
284 -9.0896197635588993e-01
285 -8.9439478779155623e-01
286 1.7054578609183746e+00
287 6.2172059993957107e-01
288 5.6713225661276745e-01
289 -4.1509033136940199e-01
290 -2.5586108242242362e+00
291 -6.2743429936793793e-01
292 -1.9873323293705878e+00
293 1.2471845634686676e+00
294 7.8285276171473062e-01
295 1.7137196442145555e+00
296 1.1654027279737773e+00
297 9.3721894372012304e-01
298 -2.0685915595519453e+00
299 -4.9032745914904230e-01
300 -7.4307312178810536e-01
301 -1.1471414932955852e+00
302 1.9378995218887733e+00
303 -9.9667907937950173e-01
304 -4.2717194481133769e-01
305 -1.7555456716929874e+00
306 3.1256253844737963e-01
307 9.6309527276733753e-01
308 1.9656566929591368e+00
309 -1.3169201489091158e+00
310 -3.0654891864043393e-01
311 6.8004714433033331e-01
312 -1.7187458097427153e+00
313 2.0147304848193506e+00
314 -2.4076991619618928e+00
315 -3.0779169185223443e-01
316 1.0167331707872518e+00
317 -2.0043584379909501e-01
318 4.0114531226857340e+00
319 -1.5288891174335177e+00
320 -1.4368596502787792e+00
321 2.1535240709268546e+00
322 -8.6941018558983585e-01
323 4.5677126575047416e-01
324 -2.2384090785584254e+00
325 4.5085700897475087e-02
326 -1.2916598357507703e+00
327 -2.3060160709678983e+00
328 1.0686191399306120e+00
329 8.2911937874594399e-01
330 2.3048222866036472e+00
331 5.6473838776158891e-01
332 3.5367648373438061e+00
333 -1.1006729214187709e+00
334 -2.8835026440341816e+00
335 -5.6307601610478675e-01
336 -5.8518122536451300e-01
337 1.7182274029771276e+00
338 1.1054340618669236e+00
339 -4.5280270527051782e-02
340 -1.7113984051235189e+00
341 -1.9948606576660013e-01
342 3.6656318313238939e-01
343 1.1816915272587711e+00
344 -1.7880746095743181e+00
345 -7.9611299957690074e-01
346 1.5615111004273121e+00
347 -1.6524093038703758e+00
348 3.2463030566292881e+00
349 8.3943469024724285e-02
350 2.5072809803108620e-01
351 -8.8808264205342535e-01
352 -3.2802970099473994e-01
353 1.7493886157950762e+00
354 -3.0491337484803518e+00
355 -5.4397306236641574e-01
356 1.7543851001878139e-01
357 7.6559985424224586e-01
358 1.0295049970487598e+00
359 1.6509602150378149e+00
360 -8.7878741635691385e-02
361 -6.3531248724567313e-01
362 -1.8074099354654898e+00
363 -3.8506711804591953e-01
364 -1.6693219324759545e+00
365 -1.1215206517197962e+00
366 3.0796503935898549e+00
367 3.3712514874153499e-01
368 -3.9353628137561519e-01
369 -2.1098630518851999e-01
370 1.8296986617707858e+00
371 1.6144209690543421e+00
372 2.9988052462404224e-01
373 -1.2039003706298403e+00
374 -1.3541546942370866e+00
375 -7.5430692592039927e-01
376 8.8705242309201981e-01
377 8.7661343513745815e-01
378 -1.2749976675881018e+00
379 -1.4580501630009450e+00
380 -1.3927774654055971e+00
381 -1.4717016724349470e+00
382 -1.5227513138029933e+00
383 3.8051043665716533e-01
384 2.1203722073728213e+00
385 1.2005105580662261e+00
386 4.0797011606664113e-01
387 -4.2278598558871749e-01
388 -8.4602253557860152e-01
389 -5.8841590485472250e-01
390 -1.9676633419750198e+00
391 3.9599767684852089e-01
392 6.3963680053955596e-01
393 1.0649203949943862e+00
394 -1.2549827578102564e+00
395 5.2052257854237205e-01
396 -4.4465844308921798e-01
397 -3.7301597131858474e-02
398 3.6432608261316163e-01
399 5.1277727952410446e-01
400 1.0723732686937680e-01
401 -1.8390359815685586e+00
402 9.8342433561795628e-01
403 2.0007704793139738e-01
404 -1.3245272132897947e+00
405 -1.1829718312684752e+00
406 2.1934567092934758e+00
407 1.2007348386223284e+00
408 1.4603662788643861e+00
409 -2.1244313203517486e+00
410 1.2908019970591018e+00
411 6.6182472654497759e-01
412 -2.3330740864189994e+00
413 -1.2087472595650171e+00
414 3.8505779936403478e-01
415 2.0271257226954167e+00
416 1.5337638704283935e-01
417 1.2540210910116747e-01
418 -1.1749985167119974e+00
419 7.0504219980392091e-01
420 -2.2972168097471051e+00
421 1.0975593797517527e+00
422 -3.1347094769728505e+00
423 -9.8699921327894446e-01
424 3.4202695347255530e+00
425 -8.1794130295819709e-02
426 9.5275431763237028e-01
427 1.5796570465501487e+00
428 3.9892943945113388e+00
429 -1.0908726178227666e+00
430 -1.8655748358829425e+00
431 -1.6934571848177467e+00
432 -8.4967162946980535e-01
433 -9.8078369831325563e-01
434 2.9542639824966943e-01
435 1.8123978872543374e+00
436 -3.9198466775842298e+00
437 4.6905039771825162e-02
438 1.9903491820929566e+00
439 -1.1265893520862758e+00
440 2.0254245217319102e+00
441 5.4145498532548553e-01
442 8.9540045680553437e-01
443 -9.4366945388174752e+00
444 -3.8572076163967619e+00
445 -9.0997674879430501e-02
446 -5.3709190880585578e-01
447 1.3291540297253093e+00
448 1.2682190362634995e+00
449 -1.2187280201269370e+00
450 -7.4345918393087032e-02
451 6.6209482302347178e-01
452 -4.8001969479445911e-01
453 -1.5075679141598042e+00
454 1.2539387169623823e+00
455 -8.6988986630286458e-01
456 1.3538821828710406e+00
457 9.6420508533361793e-01
458 -4.4436464187492708e-01
459 7.7201205036437959e-01
460 -1.2129492558770989e+00
461 -2.0182536592483680e+00
462 -1.9160458749208598e+00
463 5.9605838976645864e-01
464 1.1637433840391154e+00
465 2.0966874104584274e-01
466 3.2141924891619439e-01
467 1.3928019668591904e+00
468 3.1262754258796605e-01
469 7.1165235552955175e-01
470 1.3658142665370752e+00
471 8.9354439248184625e-01
472 -2.6651954150440429e+00
473 -8.9005234491591156e-01
474 -8.6969558314747786e-01
475 3.0888349606830078e-02
476 1.3859737445675926e+00
477 1.4272514418412161e-01
478 -3.9006336760007726e-01
479 -1.4969529260171299e+00
480 5.3422752077351043e-01
481 -9.4625728913878770e-01
482 -3.5443202814841129e-01
483 4.1371438238983976e-01
484 -4.1910479131595166e-02
485 -4.6397026699591315e-01
486 4.1457362877491999e-01
487 1.0603122650354597e+00
488 2.6657460047150967e+00
489 6.6683121339171980e-01
490 6.0776151377542553e-01
491 -1.2311920494993382e+00
492 -1.5603637993666719e+00
493 -1.0429830140616208e+00
494 9.3084254505706265e-01
495 -2.8819065805230110e-01
496 1.1357883479020339e-01
497 2.6624897880705622e-01
498 -3.4390441243934071e+00
499 6.9153787967589997e-01
500 -1.9744100413005212e+00
501 1.8950626102266350e+00
502 2.5777796221823666e+00
503 2.1347491113797386e+00
504 4.9905635440599172e-01
505 -7.6157134809852067e-01
506 -9.9357039193166030e-01
507 -7.3727857733935520e-01
508 -2.2614432931180919e+00
509 -2.3989761496892403e+00
510 1.6138257723287348e+00
511 7.7593467710595143e-01
512 1.6487166829681967e+00
513 9.9540539361530200e-01
514 9.5703452834749891e-01
515 -1.3018869878352513e+00
516 1.7793576830182523e+00
517 9.6625793089921352e-01
518 -1.6287998186201618e+00
519 -6.7735775357874595e-01
520 -1.6860411903854315e+00
521 3.3998804110772984e-01
522 -6.8395544893972771e-01
523 -5.6026993914843282e-01
524 1.3128685793020798e+00
525 -3.4803019321996358e-02
526 -1.1529591184278936e+00
527 -5.0695137608937256e-02
528 -1.0233958543705866e+00
529 -7.8646550651922309e-01
530 3.7271677047665772e+00
531 -3.0436721328088057e-01
532 1.0754615675789072e+00
533 -6.5677543565406737e-01
534 -1.9063753601587893e-01
535 2.2731764192000918e+00
536 8.3818869028239285e-01
537 -6.4622882221688471e-01
538 -2.0824454414412856e+00
539 2.3444350262909922e-01
540 -1.9484747341042574e+00
541 1.5461197608517978e+00
542 -2.9394110941722622e+00
543 2.0294421365488260e+00
544 -2.0090237646023171e-01
545 -2.2063491542546467e+00
546 1.5456716491964453e+00
547 5.0025068746092999e-02
548 1.4687584610666931e+00
549 -6.5033414614261820e-01
550 2.6496095246918877e-01
551 -5.2285662819964296e-01
552 1.2314181571292138e+00
553 -6.4082118585114112e-01
554 1.3656272442748543e+00
555 -1.6371002000069204e+00
556 -5.7056169074081919e-01
557 1.7851982937590842e+00
558 -5.5838152655542242e-03
559 8.6172501864750517e-01
560 -8.5388190297093269e-01
561 9.0634328181363544e-01
562 -2.7134307517374578e-01
563 -2.1052382170606760e+00
564 -2.0676208438901247e+00
565 -1.5227915893201710e-01
566 8.2383730406641908e-01
567 1.3659731276214124e+00
568 8.1199066163925138e-01
569 2.0525113520778882e+00
570 1.3660812326412932e+00
571 -1.9614479848319448e+00
572 -1.8967838524322211e+00
573 -7.7376360873974570e-01
574 -1.0667629674783186e+00
575 -4.5425713159094286e-02
576 -4.8485358496655934e-01
577 1.3561774514790215e-01
578 9.7170122684522164e-01
579 9.2961581896085679e-02
580 2.9802199112725964e+00
581 -1.7204661434007960e+00
582 7.8219703011828490e-01
583 1.9888079218537307e+00
584 1.7938372616707978e+00
585 1.2602232067779132e-01
586 -2.2607949101819784e+00
587 -1.6711748855798096e+00
588 -4.7183695029897271e-01
589 -7.7916989243542123e-02
590 -2.7434768174203494e+00
591 1.1893258019254753e+00
592 -8.7112806800429721e-01
593 2.8500720185874651e-01
594 -1.7452392290166789e+00
595 8.6320427082630491e-01
596 2.2992497299585084e+00
597 9.5556282739190798e-02
598 7.7707940597490333e-01
599 1.6062363746966710e+00
600 -6.4283194116794562e-01
601 -6.6481889179130463e-02
602 1.4172894173239914e+00
603 -8.1434144795493746e-01
604 -2.1389412905406320e+00
605 -3.6038916256687308e-02
606 1.2996904584888094e+00
607 -8.9393915202062468e-01
608 1.9161134745760600e-01
609 -1.3509449074473094e+00
610 3.1325024919351496e+00
611 -4.9988566003010765e-01
612 -1.7802681385771157e-01
613 -9.6413128408579774e-01
614 -1.5798231105570146e+00
615 -8.3114487980883978e-01
616 -1.7417897418456740e+00
617 1.5484522278206172e+00
618 2.3425186996761709e+00
619 5.9245032632549111e-01
620 1.7910959087762049e-01
621 8.3384155245846248e-01
622 -1.0667561365994525e+00
623 -1.4550073301185285e-01
624 9.6222592552646913e-01
625 -1.3551879806972613e+00
626 -3.4702916834905722e+00
627 4.8313958869726237e-01
628 2.5149669283879623e+00
629 7.0573747095377348e-01
630 4.4622719119221749e-01
631 1.4688333315885289e+00
632 -1.1484223388061243e+00
633 1.2151738797293250e+00
634 5.1390368050008639e-01
635 -9.4985617162182112e-01
636 -3.9930892306288679e+00
637 -4.0123251834829171e-01
638 2.6908936020072316e+00
639 3.0629478681343031e-01
640 2.1513452122879397e+00
641 -3.0456112450763134e-01
642 -3.5726600029557463e+00
643 -1.7520814964159053e+00
644 1.0821029868321066e+00
645 6.8609843262065240e-01
646 -1.0089379450241887e+00
647 6.3541166775686242e-01
648 1.6688497822163404e+00
649 -7.7701763909604704e-01
650 -3.6829940361222097e-01
651 -3.9379497235069361e-01
652 1.5612218492223187e+00
653 -8.2142242589445191e-01
654 3.5598003898305048e+00
655 1.3224984622817160e+00
656 -3.2887626522382962e-01
657 7.7209450383047828e-01
658 -1.3831639351136586e+00
659 -1.5990373444055002e+00
660 -2.8156078252851149e+00
661 1.6791881341500661e-01
662 2.3526272120992980e-01
663 -1.1799146482110895e-01
664 -3.1436648038347137e+00
665 5.4748158085070553e-01
666 4.7396136809770906e-01
667 -1.0567172978281474e+00
668 3.9744437488124094e+00
669 1.7124676384212691e-02
670 1.1313237954669360e+00
671 2.1694825244676075e+00
672 -4.6535769020962237e-01
673 3.7153771648439887e-01
674 -2.1409454962475283e+00
675 -5.2188109638885449e-01
676 -9.3912307202959877e-01
677 -1.8293037568511461e+00
678 4.1077823317358758e-01
679 9.7742128554098773e-01
680 9.7913738141663342e-01
681 6.3962100006482558e-01
682 3.3674718399446257e-01
683 9.2074892612575243e-01
684 -9.7490340870228553e-01
685 7.3560609493195117e-01
686 -1.7725708572074086e+00
687 -9.4999914504644545e-01
688 2.6733760259976149e+00
689 -1.5530209034052509e+00
690 1.6368254726274181e+00
691 -2.0170658544983260e+00
692 -2.8247725737476057e+00
693 7.0708831575906206e-01
694 2.6863795442140623e+00
695 1.2867905147248817e+00
696 -1.5977564827670185e+00
697 1.4611630710528667e-01
698 -3.5517464326856825e+00
699 1.1050334287086663e+00
700 -5.6860230936845280e-01
701 3.0958617570562490e+00
702 2.5026295632378108e+00
703 -9.6561473772864215e-01
704 2.4913447216948481e+00
705 -6.0720154237165156e+00
706 -1.7491538792126444e+00
707 3.2815142247512861e+00
708 3.5678072027780616e+00
709 -8.7819641349629718e-01
710 1.6469539173147236e+00
711 -3.2818551654388730e+00
712 1.5286076231543727e-01
713 -1.4428133750463168e-01
714 -1.6605587335130465e+00
715 4.7588926573855526e+00
716 -6.3451670523457411e+00
717 5.7805262807334010e+00
718 -5.5354864443224452e+00
719 -4.4990336249142642e+00
720 2.1350373504663520e+00
721 -1.3070331487369131e+00
722 4.8387854926536082e+00
723 2.1882522495555095e+00
724 2.0232540604653413e+00
725 -4.2910848920887119e+00
726 6.2651737149632138e+00
727 -7.0534285634824547e+00
728 3.4947476442417504e+00
729 -1.1410161465890671e+00
730 -9.7340744068241547e-01
731 4.0035693079606531e+00
732 -1.0524227818965480e+01
733 1.6985682144333655e+01
734 1.9928650617002430e-01
735 -7.7005964987455595e+00
736 -3.3897405321731040e+00
737 -4.9352481004346336e+00
738 -9.9975479000126359e+00
739 8.4528091889097183e+00
740 2.0257585338029052e+01
741 1.7197849011716320e+00
742 -9.9949169474309141e+00
743 -9.9611853044671772e+00
744 -8.4704281018514072e-01
745 -1.1683910001942579e+01
746 9.0251590132670270e+00
747 1.8967256964383193e+01
748 2.7375041464315211e+00
749 -1.0419867833567508e+01
750 3.6377467361377254e+00
751 -7.7695878607667357e-01
752 -2.3131834011174327e+01
753 1.7692193714333431e+01
754 1.0529703311557347e+01
755 -9.6209993600916448e+00
756 -3.1022971388764614e-01
757 -6.5710478815169209e+00
758 -6.5328610504446702e+00
759 -1.2463756756270424e-01
760 1.4811388178733335e+01
761 1.3060321760984829e+01
762 4.4548813870518371e+00
763 -1.1309066071668585e+01
764 2.2473994859072306e+00
765 -3.4411018358856602e+01
766 -1.1278331025381774e+00
767 5.9847379087584805e+01
768 -4.0038041879924620e+01
769 -3.1538917212199031e+00
770 2.6002294500716722e+01
771 -4.7718149583098253e+01
772 3.0069637505329016e+01
773 2.2028237278793451e+01
774 6.7685375887229329e+00
775 -3.2999210588780009e+01
776 -5.5597492324917077e+01
777 7.0899772160030722e+01
778 -2.1150883228644638e+01
779 -2.5800778995772166e+01
780 9.6776421370015342e+01
781 -5.7406600954609122e+00
782 -1.2958650064202735e+02
783 7.4177249839314882e+01
784 3.2542289742277859e+01
785 -4.3141951609458566e+01
786 5.0885588903074684e+01
787 -3.7911704668950804e+01
788 1.3747246020360153e+01
789 -1.5196791504227261e+02
790 7.3316241927411241e+01
791 1.4693907635784797e+02
792 -6.4113037018426922e+01
793 8.9711322607321520e+01
794 6.5677642888450890e+01
795 -2.0276630314186650e+02
796 -1.7019016300647323e+02
797 7.0251769757935591e+01
798 -6.1916510853077305e+01
799 2.1485164359333908e+02
800 1.6574457038172619e+02
801 9.9342569850732744e+01
802 -1.8734324522769325e+02
803 -2.2559660272780721e+02
804 2.9585050719615797e+01
805 -1.8718167846122972e+02
806 2.1041533279277161e+02
807 1.5409593491285705e+02
808 6.9614818787913549e+01
809 -2.5679886505969426e+02
810 2.5762214927192440e+02
811 2.4499417385906536e+01
812 -3.3457793010402537e+02
813 2.9329176578897778e+02
814 -1.4064894570043489e+02
815 -2.1968551774912288e+02
816 -1.8918609811198687e+02
817 6.0718568681639294e+02
818 -9.0841812737621183e+01
819 -3.1717182654421954e+01
820 2.1169994546398942e+02
821 -1.3563611651455261e+02
822 -2.9489937120822350e+02
823 -3.6761054424398424e+02
824 1.0049192826594706e+03
825 -6.8190346150927689e+02
826 -2.0819475479654119e+02
827 7.4344919924216208e+02
828 -3.3465923143297692e+02
829 -3.2227373274254819e+02
830 4.4805577136722292e+02
831 3.1941154300739908e+02
832 -2.4483838278442778e+02
833 -2.6132833169163533e+01
834 -4.6134656554414244e+02
835 4.2671127652558830e+01
836 -1.1417236795374340e+03
837 1.3506914768296242e+03
838 1.1591198301056968e+03
839 -9.5147635506565041e+02
840 9.4018548916785380e+02
841 -9.2885835416368218e+02
842 -1.4799175126892244e+03
843 3.9335918902410612e+02
844 9.2290896466781862e+02
845 1.3105920814492563e+02
846 1.0195358958463009e+03
847 -9.2372115232250417e+02
848 -8.2754394438506733e+02
849 -7.8473094760026049e+02
850 5.5038106643792878e+02
851 3.3451613055099033e+03
852 -2.2402703991186254e+03
853 2.6329261721367300e+02
854 6.1475245582487116e+02
855 -3.8149593092708615e+03
856 1.9891036957363659e+02
857 2.2616425494841078e+03
858 5.6935793600420175e+02
859 4.9711500410187733e+02
860 1.6889233147278605e+03
861 3.5209341492994650e+02
862 -3.5268418253503060e+03
863 -2.3275454956468425e+03
864 2.0025075123554750e+03
865 -5.5604481371718862e+02
866 -2.1094710654711580e+03
867 4.6373667596208024e+03
868 3.0235167816080566e+03
869 -3.3756682490771796e+03
870 2.5040380647262155e+03
871 -2.0816664171885790e+02
872 -4.1653851241581087e+03
873 -3.7800561148455058e+03
874 1.7853159849912966e+01
875 9.7352847167686127e+02
876 1.8376571883359411e+03
877 9.1639691365783856e+03
878 1.9873976420793524e+03
879 -1.8156903677492674e+03
880 -1.0891606799185096e+04
881 -3.0968047022456822e+03
882 -8.7593924895533848e+02
883 1.4322887806142999e+03
884 1.2935704224973673e+04
885 -2.2044234210342838e+03
886 -3.1009128992110809e+03
887 6.5385634410339253e+02
888 -4.5052871076451102e+03
889 -2.6985927357544433e+03
890 1.5393934420315198e+04
891 -8.3236018082068258e+03
892 -2.3036562033963837e+03
893 -5.6414890828251737e+03
894 -8.1023540329573198e+03
895 1.4726638529381447e+04
896 -9.2119288617677466e+03
897 2.7980639379373293e+04
898 1.4803538017875492e+03
899 -2.0311087053487459e+04
900 -3.9330548109674337e+03
901 -3.3580821811946603e+03
902 -2.0781193485351017e+04
903 1.4219414371884821e+04
904 2.7921300804904753e+04
905 -7.2885614425139493e+03
906 2.4428205525456928e+04
907 -4.4257244651159614e+04
908 1.9906956544017525e+04
909 -1.7829658275685440e+04
910 -1.7071064547550188e+04
911 5.4760637957314000e+04
912 -3.2778173010002763e+04
913 1.9868104690623420e+02
914 -7.7353824738116491e+03
915 1.3185513581612051e+04
916 8.1808178111026291e+03
917 1.9591163394304047e+04
918 -3.3010164928635961e+04
919 1.2204359183089493e+04
920 -1.9458622398631480e+04
921 -2.8439856351310642e+04
922 7.7719701911282609e+04
923 -3.9219415625779118e+04
924 1.4957753213565595e+04
925 -4.1999337572289449e+04
926 2.8201012224415393e+02
927 2.1112261334516850e+04
928 3.4050481639365338e+04
929 4.8539621974581845e+04
930 1.9811777208631577e+03
931 -8.0979393706413786e+04
932 -1.3224017027916483e+05
933 6.0124258312880127e+04
934 -1.9190115779422762e+04
935 1.2173203315442808e+05
936 9.6408086088555516e+04
937 5.3917054454055942e+04
938 -6.2265610319586522e+04
939 -1.5160058032135334e+05
940 -1.1270665590575192e+05
941 -1.0658206164724287e+05
942 1.9800905867401624e+05
943 5.7466689644419355e+04
944 2.1534596067454419e+05
945 -2.3997975691034990e+04
946 -1.6697867879095930e+05
947 -1.0123668435807616e+04
948 -1.7283501836899947e+05
949 1.4391356563859462e+05
950 1.6213316989691497e+04
951 -1.4036183712421803e+05
952 1.5516105937971160e+05
953 -2.2686832935730759e+04
954 -1.8059447670980910e+05
955 4.2782163032117119e+05
956 1.5413314014606801e+05
957 -3.0212344000970910e+05
958 -1.4999422584972033e+05
959 -2.7001686684014829e+05
960 6.8174626899152965e+04
961 5.3347170497645828e+04
962 8.8416474342606176e+04
963 7.2345933771974419e+05
964 -5.2992151674090140e+05
965 -2.3151487334724332e+05
966 7.9778828611551994e+05
967 -8.6354639820900094e+05
968 -6.5386612477253795e+04
969 2.7130734057984035e+05
970 -2.8128400684174855e+05
971 -2.5229053957907631e+03
972 -3.4870108162970428e+04
973 6.6543094071640633e+05
974 5.0684706150613679e+05
975 -5.5963208920872980e+05
976 2.6425875415173802e+05
977 -3.1458319619795261e+05
978 -1.9655304671333022e+06
979 1.1367466951137292e+06
980 1.6349056210767312e+05
981 3.4584377241701045e+05
982 1.6991671632919090e+06
983 -1.4738355712859044e+05
984 -1.2290525958095868e+06
985 -1.3983256708716059e+06
986 -1.7176631495021098e+04
987 5.2537454823509488e+03
988 1.8252087303307010e+06
989 7.8987078354156390e+05
990 6.4065696388597460e+05
991 -3.8021447741372748e+06
992 -2.2858822536895546e+05
993 2.2290598871445679e+06
994 -1.9236105699837212e+06
995 3.5909093447215538e+06
996 1.1480990470216048e+06
997 -1.2241396404383308e+06
998 -5.3559048218497913e+06
999 2.7368878992212480e+06
1000 -2.7222630006264884e+05
1001 -2.6772020006076074e+06
1002 5.2818081616630815e+06
1003 1.1366010936014277e+06
1004 5.4173617512484221e+05
1005 -5.1527305438463464e+06
1006 5.1092416675883131e+06
1007 -2.4281111034275084e+06
1008 -6.4174386687075458e+06
1009 2.9376280822661268e+06
1010 3.9327928044142760e+06
1011 -4.9617884249012657e+06
1012 2.0414386479280530e+06
1013 1.2365201342838908e+07
1014 -9.6890670931478385e+06
1015 3.0042272718375656e+06
1016 -3.3154260477863434e+06
1017 -4.8562750793131059e+06
1018 -5.4784915877609393e+06
1019 -6.0239646161991020e+05
1020 1.5870705316277858e+07
1021 2.4100836340969263e+05
1022 1.2090828624520323e+06
1023 3.7180441784004113e+06
1024 -1.2678581273745239e+07
1025 -1.6723904178232685e+07
1026 2.7648325436704934e+07
1027 -1.1794625093659991e+07
1028 -2.7169168102630279e+06
1029 1.5084833579725944e+07
1030 -2.1393024078975610e+07
1031 6.6526169688151712e+06
1032 -2.0254194580433343e+05
1033 2.9991856448599137e+07
1034 -4.4273253012671620e+06
1035 -2.3742316664481677e+07
1036 6.0769344093734715e+06
1037 -2.2457653856034804e+07
1038 -3.4524082630620003e+07
1039 5.0328147420922309e+07
1040 4.9067775568736404e+07
1041 -3.9711095834834635e+07
1042 2.9878554262239508e+07
1043 -7.2528928872364210e+06
1044 -5.0000369445633888e+07
1045 -2.8059168797697484e+07
1046 1.5251371745940942e+07
1047 4.8998684217118017e+07
1048 -2.1171753082673937e+07
1049 3.3486871798058398e+07
1050 4.3196839291221768e+07
1051 -8.9150325333116695e+07
1052 -2.6799413626183081e+07
1053 7.0169074574317604e+07
1054 -2.8553577534906961e+07
1055 -2.9609743194544490e+07
1056 4.5491171757351600e+07
1057 5.9634719311802704e+06
1058 -5.1773692522568427e+07
1059 4.8878951639183693e+07
1060 3.6070635799809657e+07
1061 -4.8951357531345479e+07
1062 -2.5627562455255229e+07
1063 8.7527280975586828e+06
1064 -8.7104170538175628e+06
1065 -1.0491742394535169e+07
1066 1.2551449516139528e+08
1067 8.6188085505546723e+06
1068 -1.7542698765148312e+08
1069 -3.9376360557566985e+07
1070 1.0804094754238188e+08
1071 -1.0206386164013335e+08
1072 1.9878645673388261e+08
1073 2.0217585283136854e+08
1074 -2.6975597819670326e+08
1075 -1.0044751043126285e+08
1076 -3.5681744581377670e+07
1077 -3.9019698942178331e+07
1078 -5.5354145631855525e+07
1079 2.7601263536942106e+08
1080 2.6839571673973259e+08
1081 -9.9794530205170557e+07
1082 -4.0250945974274433e+08
1083 2.5934388819901693e+08
1084 -1.9579154227428123e+08
1085 -4.7267594978074831e+08
1086 9.2116013324722338e+08
1087 -2.4608781155541945e+08
1088 -6.4769969413569212e+07
1089 -2.4535123433215946e+07
1090 -8.0567332629177973e+07
1091 7.9537208499775738e+07
1092 -2.2194438044078156e+08
1093 6.1797592988905358e+08
1094 2.4077262520126063e+07
1095 -6.6216734934344113e+08
1096 -4.5971199811552447e+08
1097 7.4072898001165438e+08
1098 -6.9102282203454077e+08
1099 1.0337483069813063e+09
1100 7.0676893590884364e+08
1101 -1.0848192643673987e+09
1102 3.3577426586720049e+08
1103 -1.0313150445828714e+09
1104 2.9984892775043213e+08
1105 -8.8385670038081184e+07
1106 4.1584048083934504e+08
1107 3.0220415779435468e+08
1108 -1.3440953697602969e+08
1109 1.0831728320652638e+07
1110 8.8934022343576610e+08
1111 -6.7486487032448995e+08
1112 -1.0684976569195598e+09
1113 1.4336322066355197e+09
1114 -2.6103499256374512e+09
1115 6.9079379835137129e+08
1116 1.2467849135979817e+09
1117 1.3846705274672949e+09
1118 -1.0124497864429353e+08
1119 2.8325527646155804e+07
1120 4.2115486318173744e+07
1121 -3.9979652611498766e+09
1122 4.5646583629191011e+07
1123 3.2008369333386302e+08
1124 3.8161114924291706e+09
1125 -6.1036251168407607e+08
1126 2.4313127892892065e+09
1127 5.5547302775853419e+08
1128 -6.6791969915990725e+09
1129 -1.7636748050130956e+09
1130 1.1841321751697593e+09
1131 3.8931778220703406e+09
1132 1.1409185953827455e+09
1133 4.4002529504800625e+09
1134 -4.9693936060430870e+09
1135 -3.2651383587910252e+09
1136 -1.9260259796155813e+09
1137 -1.1739375079141767e+08
1138 8.2853055781029263e+09
1139 -3.7323716997114797e+09
1140 2.2970147877617602e+09
1141 -1.4257445661533087e+08
1142 -7.4975433530682755e+09
1143 3.5702007830135465e+09
1144 1.7103916098260555e+09
1145 -3.8015688983989531e+08
1146 6.8873630258170652e+09
1147 -1.0882662755994040e+10
1148 -7.5707051104894280e+08
1149 9.1005260088558559e+09
1150 -8.8190146777764244e+09
1151 8.1003160891735783e+09
1152 7.7963320757518125e+08
1153 -7.4386283979750013e+09
