1 1.0000000000000000e+00
2 1.6631406929250552e+00
3 -6.7716411729860149e-02
4 1.2162619347697665e+00
5 4.5845488653568678e-01
6 -9.3276148996352237e-01
7 -1.7616340429418995e+00
8 5.8756264467227903e-01
9 -9.4296170140195645e-01
10 5.4646882151415210e-01
11 8.2051719405117274e-01
12 -6.4020048399571816e-02
13 -1.0067821251393581e+00
14 -3.1582489101540232e+00
15 2.6167898462868502e+00
16 -6.6198617048197983e-01
17 7.2104506505136867e-01
18 -4.2680199836763127e-01
19 -4.7466600276848669e-01
20 6.0163692681530700e-01
21 2.0428052606098188e-01
22 1.5267242738155600e+00
23 1.8295332659705235e-01
24 -4.1010316205693891e-02
25 -9.3194119517681240e-01
26 1.7632340019964529e-01
27 1.5856886662672043e-01
28 -2.3778815452728921e+00
29 -6.0157461743011886e-01
30 -1.4379205682803731e-01
31 -6.2513027129010046e-01
32 -1.4870011094010434e+00
33 -1.0010321875032593e-01
34 8.5793738904732564e-01
35 -6.7628106934223753e-01
36 -1.3334129168195168e+00
37 1.5691156873828112e+00
38 -6.5638953430938840e-01
39 1.4531909595528847e-01
40 1.7499185468414605e-01
41 -4.4315006011150188e-01
42 2.6518578290852296e-01
43 -5.6150012773296987e-01
44 9.8535607759762367e-01
45 -4.8590951589305648e-01
46 1.9188860924202703e-01
47 -1.2784018891524771e+00
48 -2.5773740422313225e-03
49 2.1715379918718756e+00
50 -1.6579459998166493e+00
51 -8.7605864759140922e-02
52 -1.1875647718102915e+00
53 1.0410725994428782e+00
54 4.8005324623118939e-01
55 4.1665553782981002e-01
56 -8.0200914958473324e-01
57 3.2127375726120476e-04
58 -8.6875404250951638e-01
59 1.1908129765148201e+00
60 -4.1343288139981910e-01
61 -7.0016535305521166e-01
62 -3.2162256028720437e-01
63 1.8218842315356061e+00
64 -1.5272508153982887e+00
65 -1.8014150876518598e-01
66 -4.3882785154787524e-01
67 5.4095999320280730e-01
68 1.0557177314244173e+00
69 -2.7209913393708866e-02
70 -1.1073198125123409e+00
71 3.6940954175739296e-02
72 -2.1143459317864917e+00
73 -3.7572158871201017e-01
74 2.2260500252744309e+00
75 1.1922569378934703e-01
76 -4.6344897023558218e-01
77 -1.4065451778097424e+00
78 2.8256582509277057e-02
79 1.3710880472613032e+00
80 -3.2632021618065388e-01
81 9.5516780137877433e-01
82 -6.6581030643547201e-01
83 -3.1735272034197903e-02
84 2.3317517549839636e-01
85 2.6760258583343821e-01
86 -1.1814401150568634e+00
87 -1.8373045457100071e-01
88 2.9186380558719943e-01
89 -2.4692255121476531e-01
90 -6.2888554634941451e-01
91 1.6972299240407633e+00
92 2.0339329489705399e-01
93 2.1766545566285718e-02
94 -1.7394474457082745e+00
95 1.4938062395809770e-01
96 2.0103802407117597e-02
97 -6.8998669769266829e-01
98 3.5612193240886851e+00
99 -8.4085048344601343e-01
100 -1.1357400762339751e+00
101 -1.7766098774226600e-02
102 -8.1287734492356684e-02
103 -5.5027243318167018e-01
104 -1.3036268071406723e-01
105 4.7472116923418989e-02
106 1.8531171209825126e+00
107 -7.4320414518176714e-01
108 3.3796911379742955e-01
109 -1.2090679821107768e+00
110 4.8885391370270342e-01
111 -2.0953745818908551e-01
112 1.1035172835655505e+00
113 -1.1620070825217099e+00
114 4.7279917230803498e-01
115 2.6477314967987053e-01
116 -8.8997899313176609e-01
117 9.6069073254826509e-01
118 2.3737732001865672e+00
119 -1.4339326678890105e+00
120 -1.0654145371570056e-01
121 -4.0781015944572113e-01
122 -8.1746410079106091e-01
123 1.0541895801959657e-01
124 -4.1067551438243932e-01
125 -5.4476954786454912e-01
126 3.0850656783734474e+00
127 5.1139740488134444e-01
128 -8.4964845680555867e-01
129 2.2769336421464004e-02
130 -4.6620793609047451e-01
131 -1.4397917589650739e+00
132 -1.3608530595257709e-01
133 7.1190262514037361e-01
134 8.6461752099619027e-01
135 1.4926672839757188e-01
136 2.5752614819824865e-01
137 -1.0425537528971716e+00
138 3.0810273554322859e-01
139 1.6536582336298566e+00
140 -6.2565144861920430e-01
141 2.5850507627092867e-01
142 -3.9199501226864802e-01
143 -7.0139856465592132e-01
144 6.2897561473249508e-01
145 -1.6186814651355569e-01
146 -6.5004796957064281e-01
147 -3.1404039085767271e-01
148 1.7865266404765305e+00
149 -3.9517728630364379e-01
150 1.3815447907835976e-01
151 7.2514539852335813e-01
152 3.3402942194310903e+00
153 -9.6118695656389197e-01
154 -2.3272152232431078e+00
155 1.8303960543643593e-02
156 4.0055990108612605e-02
157 1.9283263782674260e+00
158 1.0725174952072265e+00
159 -2.0661516700341054e-01
160 -5.3423564052884032e-01
161 -2.2945654999702722e-01
162 1.4465920390964897e+00
163 -1.9386668592079559e+00
164 -5.7504412563512219e-01
165 -9.3209418814720002e-02
166 -1.0828193519850800e-01
167 7.5493382489984528e-01
168 -1.6242187907698922e+00
169 -5.2196732201178736e-02
170 5.2837837279226174e-01
171 2.5388875883350004e-01
172 -6.9603098832620347e-01
173 -4.2759367347630833e-01
174 1.4898010782559673e-01
175 1.6151057800155151e+00
176 -5.0838263730417488e-01
177 -1.6383658899296402e-01
178 -4.7225827720448738e-01
179 -8.9589518008060187e-01
180 -4.5298935137959767e-01
181 -9.5003142162446408e-01
182 2.5174424515000737e+00
183 2.8712443434167841e-02
184 5.3047951063711130e-01
185 1.3943087239162268e+00
186 -2.0889679511785020e-01
187 6.7095235681117793e-01
188 -1.3894783356608671e+00
189 -5.9945383233145366e-01
190 -2.1563158266880861e-01
191 -1.0770257867399191e+00
192 2.3950676107693225e-01
193 1.6288937427261110e+00
194 -1.0976781510294815e+00
195 7.1755478077869986e-02
196 2.9104688077676157e+00
197 1.3746039237382360e-01
198 -1.2025188250797634e+00
199 -1.1459071225012165e+00
200 -5.0692411811509464e-01
201 -2.4061755325695044e-01
202 -6.6467031932303855e-02
203 6.1903507903029419e-02
204 -1.1926306989462694e+00
205 -1.9640682890330005e-01
206 -8.0967993866327603e-01
207 -2.4982895901692626e-01
208 6.2898039744932355e-01
209 -2.6096334395748172e-01
210 1.6637931610261103e-01
211 -1.1523373801350090e-01
212 1.5783988431885863e+00
213 -2.0890929316766185e-02
214 -8.9562883165682838e-01
215 -2.9229919612978267e-01
216 1.1882986929991191e-01
217 4.3193491192067651e-01
218 -1.7585900224153141e+00
219 7.7500237841787972e-02
220 3.9967818306762765e-01
221 -7.8276052422348064e-01
222 -1.6964694036484657e-01
223 1.4044511100261980e+00
224 1.9620173928075950e+00
225 -2.4642114838052347e+01
226 -2.1818921371634596e+00
227 -1.0064032682484174e+00
228 -2.9626653024967229e-02
229 -1.5421360327697531e+00
230 5.0353725896376128e-02
231 2.5170655996745128e-01
232 -1.1966765459286940e-01
233 -3.7213757932488062e-01
234 1.4570993959077427e+00
235 -4.5854298590244902e-01
236 1.6780220886622625e+00
237 -1.3883611108765359e-01
238 -2.1081362791734990e+00
239 1.5687824006860185e+00
240 2.9609839725847010e-02
241 -9.7332873108686560e-02
242 -5.2278979329846231e-01
243 -3.7580924165099111e-01
244 -6.0498029267453968e-01
245 8.2368925205023824e-01
246 -6.8747819285740447e-02
247 3.5287118755328561e-01
248 -2.8946803275717287e-01
249 3.9551610386184830e+00
250 -1.7829135505856437e+00
251 -1.3465751106456396e+00
252 2.4957880552144602e+00
253 1.6358791891900429e-01
254 6.8055042559534540e-01
255 -5.9632745448103382e-02
256 3.3400509510645493e-01
257 9.6104097091034946e-01
258 8.2112517518503181e-02
259 -2.6679077833239124e+00
260 -4.7813625621505851e-01
261 6.3002879048388294e-01
262 -2.1293487150014920e+00
263 1.5320228964531990e+00
264 -5.8310288644963237e-02
265 4.3188622588815040e-01
266 9.9580740542718682e-01
267 9.3172848430347691e-02
268 8.0299377880541878e-01
269 -2.7629401382117535e-01
270 3.3699811734411882e-02
271 4.4380530947861152e-01
272 -5.6989541652680675e-01
273 -2.3684990863784572e-01
274 -1.5228882335742080e+00
275 -5.6666125540619927e-01
276 3.9632590448441612e-01
277 5.3727278610413824e+00
278 2.3451086116258124e+00
279 2.0395362090829081e-01
280 -5.5400747566311503e-01
281 -6.9813164056439536e-01
282 1.6350001956224353e-01
283 4.4605920923352921e-01
284 -7.7592493942503296e-02
285 -6.6017708450380866e-02
286 -1.2384566214055988e+00
287 7.8213015047198775e-01
288 1.5479819666168229e+00
289 -4.2230754759759898e-01
290 -2.9905902904384463e-01
291 1.1371241858917311e-01
292 -4.7647608876336306e-01
293 -1.1889052680601033e+00
294 -4.1250614426089049e-01
295 4.8568542070140547e-01
296 4.7371850018670980e-01
297 1.4985318481756260e-01
298 -6.1618101802536629e-01
299 -9.2584356015450574e-03
300 1.7407943220097871e-01
301 1.0677991590024418e+00
302 1.5190115455947155e+00
303 3.4917863283068125e-02
304 2.1779798127727809e-01
305 -5.2981354631180888e-01
306 -1.3502642974041081e+00
307 -1.1751870814072789e+00
308 -4.7593215106148756e-01
309 -1.6468072686032498e+00
310 -1.1026421351533411e+00
311 1.4114455529327183e+00
312 5.0982312063124846e-01
313 -1.8614524782542785e+00
314 3.1140139555253743e+00
315 6.5351965411268742e-01
316 7.1892013487857398e-01
317 -9.4139882549431286e-01
318 -3.0723193024119871e-01
319 -4.1691417076196086e-01
320 -5.7126209074168166e-01
321 -1.5837669262804478e-02
322 -3.6824810458751489e-01
323 -2.9494245999737756e-01
324 1.3537931142238813e+00
325 8.8703109668377078e-01
326 -2.8453732960277831e+00
327 1.7058549771299045e-01
328 -1.9867347749616424e-01
329 2.2899549398864409e+00
330 -6.2101227045568440e-02
331 -6.9037372849600054e-01
332 -1.8751448732462991e-01
333 -1.4609953488244696e+00
334 1.4545458203166499e+00
335 1.9219709874628266e-01
336 -1.6249969189027946e-01
337 9.6845777872297778e-01
338 -2.5155549971041608e-01
339 2.1480935537017154e-01
340 4.1036063612488533e-01
341 -1.7395993240878893e-01
342 2.3609738750732590e-01
343 -2.1968093105841762e+00
344 1.8335527815006930e-01
345 5.0882952098832290e-01
346 -8.7556443839310405e-01
347 -1.4237570666041151e+00
348 -1.2376802637623650e-01
349 2.5898469472808943e+00
350 2.5832977559654058e+00
351 -1.7817811227570390e-01
352 -1.3161638162335434e+00
353 1.1853449612291223e+00
354 -3.0059764429492913e-01
355 -1.7965862523301665e-01
356 -3.8199457639993101e-01
357 1.7836046914196080e-01
358 -1.3189586547090191e+00
359 4.0077022457937028e-01
360 -5.6159946169694462e-02
361 -8.6358444218054842e-01
362 -1.4632984285385724e+00
363 -2.8425928891489975e-02
364 2.2610510634238676e+00
365 -1.9411854893517927e-01
366 3.3026553137727357e-02
367 1.0658460303679063e+00
368 -2.3883999303399676e-02
369 5.0721659222655835e-01
370 7.8156643481342192e-01
371 -2.1305391922255481e+00
372 -8.7647819872205615e-02
373 -7.0959810439937876e-01
374 8.9227289149795364e-01
375 2.4023584940799078e-01
376 -4.2908778179043072e-01
377 5.9303305435610076e-01
378 -7.1852950173101193e-01
379 1.5560388596553010e+00
380 -1.4288901633138137e-01
381 -1.9151452788658674e-01
382 -1.4939246032819942e+00
383 -1.3417785272262588e+00
384 1.6285643790309701e-01
385 -5.3589599956683298e-01
386 2.2774709830145192e+00
387 7.2514023027477559e-01
388 -1.1027496377056889e+00
389 6.2933634104387159e-01
390 3.8199539688717948e-01
391 -9.7515907754165421e-01
392 -5.2111300102705593e-01
393 -7.6810304878166769e-01
394 4.2648701210559622e-02
395 3.9495957725076236e-01
396 -1.0189670736033656e+00
397 -6.6900458203913071e-01
398 -1.8841060785064261e+00
399 -1.1940350568693546e-02
400 6.6798009346773690e-01
401 -5.0931384573937466e-01
402 -2.5543959123960164e-01
403 2.4431964680234999e-01
404 -6.5473454680597482e-02
405 5.7934250108901120e-01
406 1.6273288425988719e+00
407 1.1260385546537157e+00
408 -1.2244836110574051e-01
409 1.3249966930974535e-01
410 -2.7234722639321829e-01
411 1.0454247338021500e-01
412 -2.8502924868904578e-01
413 -2.4783717622869195e+00
414 -1.8363913677158336e-01
415 -1.0377657043635059e-01
416 1.2803951098414679e+00
417 -7.4124964944058916e-02
418 -4.5242236610338687e-01
419 9.7358434565570207e-01
420 1.2269087013874243e-01
421 -1.5443897451838839e+00
422 -8.6967427851016119e-02
423 1.1518975788934769e+00
424 5.1256901381026088e-01
425 -6.4898460185101448e-01
426 -7.6616454125393293e-02
427 9.2208626708705987e-01
428 -7.9481715688145871e-01
429 9.0179513044513882e-02
430 -4.0076986470723330e-01
431 7.1164768479732732e-01
432 -6.7451291819521267e-02
433 6.3403541615569026e-01
434 6.6687054335589269e-01
435 5.6582236979076439e-02
436 -1.5929086699333270e+00
437 -2.2246974135697453e-01
438 1.0194055935478552e-01
439 9.7918531426466671e-01
440 6.9183938418350355e-02
441 -2.2773324147144871e+00
442 -8.5853281096553780e-01
443 1.8548079841843992e-01
444 -1.2265349878269648e-01
445 -1.4261391477620977e-01
446 1.8567319845978176e+00
447 -1.2168297794212624e-01
448 2.3818091546352496e+00
449 -3.1574477681659580e-01
450 1.6465029206023929e+00
451 2.9153606139794613e-01
452 -1.6366872372038255e+00
453 -1.9612142309856992e+00
454 1.2147409984646760e+00
455 1.1086347987035325e+00
456 2.0942374116413964e-01
457 -4.5708372225686139e-01
458 -2.4130971518872957e+00
459 4.2285254240052139e-01
460 6.4268911462865355e-03
461 6.3037842096464536e-01
462 2.0960529277956139e-01
463 2.3489575639186072e-01
464 4.8957536367032400e-01
465 -1.9843120483197401e-02
466 -6.4069204981048400e-01
467 1.9597468157388112e+00
468 1.1572920806479310e+00
469 -1.0926349368501400e+00
470 -7.3848665805043712e-01
471 -4.3611418242494882e-01
472 5.1229463411044063e-01
473 -3.9374223513151241e-01
474 7.3116247078163027e-02
475 3.2250621977149851e-01
476 -1.7829200040965494e+00
477 -1.0498976295673084e+00
478 2.3919437677437094e+00
479 1.1621602223896248e+00
480 1.0168728184632655e-01
481 -1.2983330253554031e+00
482 -1.9544445951056832e-01
483 -6.8974440340562188e-02
484 -4.5635246451635719e-01
485 -2.2896416704181913e-01
486 -5.5562977354306431e-01
487 3.0585552178101105e-01
488 -3.8236876769894862e-01
489 1.5238128996679060e-01
490 1.2431017799523312e+00
491 1.2868238216369261e+00
492 8.6381129427808873e-02
493 -4.2617003311205826e-01
494 5.0960787994832069e-01
495 -2.6055002972833652e-01
496 2.1313966932045433e-01
497 3.3322267333187366e-01
498 9.3229475406650247e-02
499 -1.0932564673134850e+00
500 -8.8678289665878085e-01
501 -2.3165586658613702e-01
502 -2.3161234509360167e+00
503 6.4894956287919980e-01
504 8.1806994806368782e-01
505 -3.4503540957713887e-02
506 2.1392051291991232e-01
507 3.1095679038298997e-02
508 6.2294903984356720e-01
509 1.3242495056480044e-01
510 -5.7583158189002913e-02
511 7.0791948279273875e-01
512 1.1220664830860734e+00
513 -3.1120602610808450e-02
514 1.4262505791653728e+00
515 -5.2597538503128920e-02
516 4.8073755541468963e-02
517 -1.0246915674373278e+00
518 -3.9614669925936510e+00
519 5.8056478271126519e-02
520 -1.6494573732728154e-01
521 1.5337875382886879e+00
522 8.2326945465400603e-01
523 1.6837694887742319e-01
524 -1.7671582748436101e+00
525 -1.5357095932342543e-01
526 2.4030890292627309e+00
527 -1.5936611283102095e-01
528 6.8380187970843595e-02
529 -9.7605494247366142e-01
530 5.7553442079449735e-01
531 -1.4488151501325752e+00
532 9.4822407346415516e-01
533 4.6068030084248923e-01
534 1.0688057253940992e-02
535 -2.9956811275640055e-01
536 1.8617149922597293e-01
537 5.4551855312418964e-03
538 -4.7495291935018780e-01
539 1.7970208164349364e+00
540 3.0646318538537415e-01
541 -1.5371047030397154e+00
542 7.4507938276882912e-01
543 2.2222393995558024e-01
544 -1.1615148794878720e+00
545 -4.5699020514135441e-01
546 -2.8997489992272224e-01
547 1.6193620366752861e+00
548 -1.6562515019434481e+00
549 5.2100261030656758e-01
550 -1.0324625884196061e+00
551 2.8024304960146817e-01
552 -3.8808232729264654e-02
553 -1.2586320532955850e+00
554 1.2396773075936392e-01
555 -1.2674628150877060e-01
556 1.8369636263968829e+00
557 2.0781725716692394e+00
558 3.6442655699656251e-01
559 4.8967248462644053e-01
560 4.2537151676165075e-01
561 -2.4065502243092608e-02
562 -1.1227058299578163e+00
563 -1.3846034739046391e+00
564 2.2091259079629647e-01
565 -6.0051593706102846e-01
566 3.7872616779349449e-01
567 -1.8274064835404871e+00
568 2.6943278508629415e-01
569 -9.7548349451857097e-01
570 2.6525329249379254e-02
571 1.4841876320896124e+00
572 -9.3661950507063207e-01
573 8.6102290488217770e-02
574 1.2689634644430978e+00
575 -1.7954002497043628e-01
576 1.4438816231402516e+00
577 3.8409627931851892e-01
578 -7.5985060850406394e-01
579 -1.5052450549041252e-01
580 -1.7577563983739697e-01
581 3.0605717718767633e-01
582 -1.1104958471998761e-02
583 8.0437613891345650e-01
584 -2.7366967363091921e-01
585 2.4202730317740531e-01
586 -1.8146909048396307e+00
587 -3.3425201999656501e-01
588 -3.6353205358115126e-01
589 -3.0597065502992515e-02
590 1.2682231652465545e+00
591 4.7824650904643123e-01
592 -1.1641391759553643e+00
593 1.1575967950693351e+00
594 2.6067150199195821e-01
595 -7.6194964099991425e-01
596 -6.6798866602474660e-01
597 9.0245172869474685e-02
598 1.7514507244964228e-01
599 -7.7024203156180537e-01
600 2.4353821739446227e-01
601 -4.4048793514840601e-01
602 1.4184487370414682e+00
603 -1.1708142560774415e+00
604 7.6001685151767107e-01
605 -4.6515263991638883e-01
606 -1.7524206689006505e-01
607 1.9922785803248086e+00
608 1.0296865399170418e+00
609 4.1615002480575353e-01
610 -4.7502227287195309e-01
611 9.8303679363681240e-01
612 -8.7466667247018881e-01
613 -1.4847803987486929e+00
614 -1.0417282992993362e+00
615 -2.9537949651822965e-01
616 -7.8119587122237022e-01
617 -5.2406156004969218e-01
618 4.2439867008165300e-01
619 -3.3570860604488861e-01
620 2.0960946507907946e-01
621 -3.7719550522313872e-01
622 1.5881927637590003e+00
623 6.4420577308803961e-01
624 -1.6950096156248909e-01
625 5.9499200911925920e-01
626 -2.9872483990258245e+00
627 6.1069451962772370e-01
628 3.0413723361468232e+00
629 1.2551575565612776e+00
630 1.2638612590143803e+00
631 -9.4913265812716163e-01
632 -7.2102910020902133e-01
633 -1.0254267350268591e+00
634 -8.8127620874205093e-01
635 7.8341362700830350e-02
636 -7.7497648394770274e-02
637 -1.9087782951762964e+00
638 2.6006345960532845e-01
639 1.5604515957084208e-01
640 -6.3893003370546964e-01
641 1.7094013666277770e+00
642 -4.1116107071857061e-01
643 2.8841245634423829e-01
644 -1.0136244589829695e+00
645 1.2666385128958570e+00
646 2.2761039036153211e-01
647 -5.7589883064513836e-01
648 6.8513148801075263e-01
649 5.3075406197070674e-01
650 9.6319903231314496e-01
651 5.5218626245641367e-01
652 -2.5233777888471800e+00
653 -8.6466618366042070e-01
654 -1.2017857400976404e+00
655 -7.2685600510423531e-01
656 1.9951151716335542e+00
657 8.5456029377245268e-01
658 4.2019692780906777e+00
659 -1.2880969972656287e+00
660 -6.0914403159087083e-02
661 6.6196204761098817e-02
662 -2.7286188289398061e+00
663 -1.2825322228257381e+00
664 3.8782089933685687e-01
665 -9.2581514426468170e-01
666 -2.1929090388068748e+00
667 3.9777722605557919e+00
668 3.5451982996289000e+00
669 5.1406196906629398e-01
670 -1.8232922836848298e+00
671 -3.7344143165835528e+00
672 -2.6562197727511725e+00
673 -4.2259788858197389e+00
674 4.6631290364817000e+00
675 3.0563456008798147e+00
676 -2.5897947916688238e+00
677 4.9547279394127237e+00
678 5.4738286060076700e+00
679 -1.2094137417785422e-01
680 -3.7884468635619903e+00
681 -5.2565123718333702e+00
682 -1.7583182889826063e+00
683 -2.7729842123425541e-01
684 2.6726631018596696e+00
685 7.3330824032301969e+00
686 -9.1623414813191506e-01
687 -1.3604294739811860e+00
688 8.0723556944834196e-01
689 -1.0802334560518980e+00
690 -6.4222373350637918e+00
691 -1.9768379898217736e+00
692 -3.5141497628509661e+00
693 6.4905273495398497e-01
694 -4.4722758792968803e-01
695 5.9695178620942562e+00
696 1.1735799697118502e+01
697 -5.9932146030078060e-01
698 -1.8879416852061996e+00
699 -7.7100726103348522e+00
700 5.1009030521127607e-01
701 -4.0042746736355319e+00
702 -2.9951634845077946e+00
703 -1.4308962476511766e+00
704 2.9700890554557047e+00
705 9.8194420214781815e+00
706 8.0539845231763518e+00
707 7.8957688440385914e+00
708 -7.0971157899039188e+00
709 -1.8390532671850142e+01
710 -1.3006771668957208e+01
711 8.0637255948414488e+00
712 1.7906270471249992e+00
713 5.7676802729519778e+00
714 9.6935345728473532e+00
715 2.5176999666638644e+00
716 -4.2230837889823775e-01
717 -1.0528807617222787e+01
718 1.4180695654522593e+01
719 -7.5700454956444885e+00
720 -2.1201632357966012e+01
721 -9.2696716279012159e-01
722 1.1608447938237378e+01
723 1.5028939278737588e+00
724 4.9312038331131856e+00
725 1.2801374107845961e+01
726 -1.0886872505000476e+01
727 2.3324049892082490e+00
728 -5.4487287927456522e+00
729 2.5161520299136924e+01
730 -1.7395044695437210e+01
731 -4.6150379474860472e+01
732 9.8776874358899942e+00
733 7.2708984118340023e+00
734 2.4605487317450230e+01
735 2.3927344389135619e+01
736 5.7295994134858255e+00
737 -4.5284172085487358e+00
738 -1.7455108696925116e+01
739 -1.7778013222366287e+01
740 1.1012677073810375e+01
741 -3.6987386549146564e+01
742 -3.2220635039624291e+01
743 3.8911613073052514e+01
744 3.9453477323125668e+01
745 4.1352659819488458e+01
746 9.5357065843184596e+00
747 -2.1079902748297499e+01
748 -4.1878975593824926e+01
749 -6.7253183647929390e+01
750 -2.3268850272274669e+01
751 7.5008026088715994e+01
752 1.7359218234328672e+01
753 -7.7162255375056432e+00
754 2.7163938330494851e+01
755 2.1488905821692253e+01
756 3.2658950795278599e+01
757 -3.2864220030766369e+01
758 -3.5335033516460996e+01
759 -7.4638249124613495e+01
760 -7.3357902021392206e+01
761 6.1686023653881783e+01
762 1.3472439909816541e+02
763 2.0846348293220803e+01
764 -5.8919393080776587e+01
765 3.7253864606763777e+01
766 4.8924964007863601e+01
767 -8.5520054692308335e+01
768 -7.9251589951410551e+01
769 -3.6626739682895838e+01
770 -4.2079766335850671e+01
771 1.3518375288387617e+01
772 1.0519585383517342e+02
773 2.6946391741579214e+02
774 -4.2095282847381206e+01
775 -1.5201388752039145e+02
776 -6.3894372197461500e+01
777 -1.3917723746833147e+02
778 -5.9978451051235822e+01
779 1.0544580800813631e+02
780 1.8264747805396422e+02
781 -8.0851669593272064e+01
782 2.0981242791191388e+01
783 8.3747405554098407e+01
784 2.5865581909298299e+02
785 -2.7322828498608146e+02
786 -4.2536397333997354e+02
787 1.1352950842281260e+02
788 -6.2967627910927192e+01
789 3.6787830434324883e+02
790 1.8535996055392641e+02
791 -2.8355045393555400e+01
792 -1.4440624630402533e+02
793 -2.8474736096571729e+02
794 3.8556755756154260e+01
795 2.7625556999240200e+02
796 -1.6284751892317871e+02
797 -1.1529963883346919e+02
798 2.4486325860241934e+02
799 -1.8323826881117407e+02
800 2.3487080934787383e+02
801 -1.4736586303801752e+02
802 1.3610034798281390e+02
803 -6.7724178826511661e+01
804 -5.5703334432438692e+02
805 3.9203700835885894e+02
806 7.0941922611236805e+02
807 -2.5535887660366018e+02
808 -7.8420123153149416e+02
809 9.5697296072349516e+01
810 -1.3071405365040812e+02
811 6.5053246109527095e+02
812 1.5843515974603159e+02
813 4.3352788608919724e+02
814 -5.9556601973203692e+02
815 -1.4298987166319180e+03
816 1.3415093518187159e+03
817 4.3738981814525346e+02
818 -4.5340596382931119e+02
819 -7.5473566016550069e+02
820 6.3883169048909758e+02
821 1.1401181482974060e+02
822 -1.8989377892941488e+02
823 1.0543400458444473e+03
824 -1.5067057254919357e+02
825 -1.0575291219109736e+03
826 -1.3501421862922768e+03
827 1.3783842998990851e+03
828 8.2276308656496099e+02
829 -6.0937568369338965e+02
830 8.1328650265235396e+01
831 1.4746446947735245e+02
832 -5.5855143914490475e+02
833 6.0999228230553194e+02
834 1.4308153507406291e+03
835 -7.8140228994530094e+02
836 -2.0422765383869548e+03
837 -2.2054489400616421e+03
838 1.5061513361229183e+03
839 3.6370762386508927e+03
840 5.7113350891143739e+02
841 -1.1812987430736930e+03
842 -4.5655975078035993e+01
843 -1.6895960647873151e+03
844 1.4985371976274897e+02
845 -5.1592428242977212e+02
846 -1.1202951834777750e+03
847 2.6381984821285101e+02
848 -2.7616086264688111e+03
849 7.5601078091961444e+03
850 6.5005955900160498e+03
851 -6.1451947681654046e+03
852 -4.2331812571394094e+03
853 -2.9826792074452042e+03
854 -3.6367689094061716e+03
855 1.2601994866207517e+03
856 5.7915589804335832e+03
857 9.6712750576896342e+03
858 -2.6753749531564604e+03
859 -8.7258346358428607e+03
860 5.5948083452471756e+03
861 -1.4744530457043400e+03
862 -8.6639052289324591e+03
863 1.0194076605874560e+03
864 1.6902216254839743e+03
865 -3.1668182256226955e+03
866 1.1839865767772610e+04
867 9.7456477933357510e+03
868 1.0376911148085640e+03
869 -1.8412754754488447e+04
870 -1.6960184978176869e+04
871 1.8497334125167079e+04
872 -2.3477843130648466e+03
873 4.7942399674773660e+03
874 1.3592710264945258e+03
875 -2.9569939977200793e+03
876 4.7618455675581672e+03
877 4.1232922406547920e+02
878 7.6358056447226791e+03
879 -1.0081571765751887e+04
880 -1.1304896831791664e+04
881 -1.6341539048341932e+04
882 1.9613753556571130e+04
883 1.2866517641152213e+04
884 4.2150939454411873e+03
885 3.5042501059406991e+03
886 -9.2635957651373174e+03
887 -6.5422791677530231e+03
888 -1.6474614556141587e+04
889 2.3984480785680706e+04
890 6.8847029338238608e+03
891 -2.9239337759045349e+04
892 -3.5443413219795650e+04
893 5.4820252135488830e+04
894 4.6119412211778006e+04
895 -1.7466133507243892e+04
896 -1.2044698337224898e+04
897 -3.2769289012742811e+04
898 -3.4887953062125845e+04
899 -6.4738243517235433e+03
900 7.7660384824306602e+04
901 8.0051519103946912e+03
902 -2.6510178670713176e+04
903 -3.0504026828726968e+04
904 7.5337521644957335e+04
905 -8.3041424311789051e+03
906 -9.8731340257378790e+04
907 7.0461623890003815e+04
908 -5.9283730484874679e+04
909 3.8375423918158863e+03
910 3.8029745232207417e+04
911 7.5811090590095118e+04
912 2.7219071243321905e+04
913 -1.4328882903352051e+05
914 -5.2160836198497229e+04
915 6.2179588875987451e+04
916 6.2620444252572343e+04
917 2.0626780788591572e+04
918 8.2152977459571528e+04
919 -1.7279250036129312e+05
920 -8.5402407077857686e+04
921 4.8728202687831952e+04
922 7.4287710490536076e+04
923 1.5045799619024061e+05
924 -1.9250227017002099e+05
925 -2.4879785233926978e+04
926 2.2343530496050397e+05
927 -2.8357001484086475e+04
928 -7.9708092174272941e+04
929 -1.3905670273837112e+05
930 -1.8896952800216767e+05
931 6.7590350589860042e+04
932 8.1970537602579338e+04
933 4.4464556973777676e+05
934 2.3252724393339123e+05
935 -4.4574490465812670e+05
936 -1.8891432333184881e+05
937 -2.2304137508274340e+04
938 -1.6168200394516505e+05
939 -7.4807394468955084e+04
940 2.7809734245927632e+05
941 1.3287311487276846e+05
942 -4.7121325599539952e+04
943 1.5873257221469807e+05
944 5.7367050355958147e+05
945 -7.7521662831735652e+04
946 -1.0775990801184105e+06
947 -4.0447629528986791e+05
948 2.4984167993202072e+05
949 1.3840683449613437e+05
950 4.6953724977162841e+05
951 5.6262085672813270e+05
952 -1.4692306344712104e+05
953 -3.3345746880436869e+05
954 2.4337398706603522e+05
955 6.5974544023477146e+05
956 -9.9506089941733296e+05
957 -1.4828828908655059e+06
958 -4.3547288276513206e+05
959 1.1325750796938227e+06
960 1.0205854669566643e+06
961 7.7389422040283901e+05
962 1.6357631395002732e+06
963 -1.6038285642759504e+06
964 -1.0654261485096128e+06
965 -1.2657006164678112e+06
966 -1.7291283544332167e+05
967 5.0141186809361796e+05
968 -1.3607456760110131e+06
969 1.8497196071366246e+06
970 1.7947474567501037e+06
971 1.2676155631033911e+06
972 3.3676466980322788e+05
973 -2.8152315583269915e+05
974 -4.2670300796944350e+06
975 -2.9611048951208252e+06
976 3.4891586995567119e+05
977 3.4860107065885472e+06
978 4.1963036283452418e+06
979 -3.6406415010246010e+06
980 1.4963620595897781e+06
981 1.2619929800355886e+06
982 -1.4346613989485961e+06
983 -1.4337944610797334e+05
984 -1.6265897102954017e+06
985 -2.7799014220433203e+06
986 -1.0199552817060529e+06
987 1.6574989788826653e+06
988 6.3894764571443563e+06
989 1.4394857109045959e+06
990 -8.3603652713425187e+06
991 5.3253069148789132e+06
992 -5.7382815616448177e+05
993 -1.1692489784148517e+06
994 2.2469723350684741e+06
995 -4.2829336943518120e+05
996 -4.0855620551120536e+06
997 -1.1832202679189907e+07
998 5.9481462222531931e+06
999 1.2710789596311817e+07
1000 7.2140383907630164e+06
1001 -7.6074079830046892e+06
1002 2.5322118622282795e+06
1003 -5.7667943628984047e+06
1004 -8.2921912274685875e+06
1005 7.5016377708018152e+06
1006 -7.1037820459277369e+06
1007 -4.1853789774662568e+06
1008 -7.6810400623544380e+06
1009 2.2023349096674453e+07
1010 2.2604688561010502e+07
1011 -5.0580056668524928e+06
1012 -1.3351892390122112e+07
1013 -1.2661605114980886e+07
1014 -4.1877114043565895e+06
1015 -1.1297921939004665e+07
1016 7.6903792688116562e+06
1017 8.4188316419672165e+06
1018 -1.7390138166277981e+06
1019 4.2404123616918391e+06
1020 1.6156663753123716e+07
1021 2.7860916944775075e+07
1022 3.4571507300667412e+05
1023 -4.8471074937105022e+07
1024 -2.4075514820284635e+07
1025 -1.8330973496735152e+07
1026 -1.2072010058169831e+07
1027 5.2091622962308846e+07
1028 4.6217964649893887e+07
1029 8.8223046325749010e+06
1030 -2.5693053537841756e+07
1031 8.3179745562245827e+06
1032 3.5372498501604252e+07
1033 -5.8034649074393742e+07
1034 -1.1505148847139703e+08
1035 6.3061694776194263e+06
1036 3.3413110267385669e+07
1037 4.1389105336171821e+07
1038 1.5057279860556233e+08
1039 4.2179047657816991e+07
1040 -7.9859972366841108e+07
1041 -1.1702144616846921e+08
1042 -5.8497587829573780e+07
1043 4.3421969832417376e+07
1044 -6.9812745501291454e+07
1045 -2.9223229143486805e+06
1046 1.8807564828428981e+08
1047 -2.3346664034959771e+07
1048 5.1413719726546481e+07
1049 8.8798591473838225e+07
1050 -9.8762912444044992e+07
1051 -1.3447671318720356e+08
1052 -2.1940674133012787e+08
1053 1.0516038378046338e+08
1054 1.7044479292149296e+08
1055 7.8652689181398749e+07
1056 -9.9593078849463980e+05
1057 -5.0229680190838743e+06
1058 -1.2389987165095761e+08
1059 1.6009741928239373e+07
1060 2.1658271439430946e+08
1061 -1.4296638573344776e+08
1062 -6.1715058622490667e+07
1063 -3.8368848744789338e+08
1064 2.1778316275876161e+08
1065 3.9644515578585804e+08
1066 -1.0521995074877712e+08
1067 -1.5664935419601198e+07
1068 -1.0237060011674644e+08
1069 9.2881391640758097e+07
1070 -1.7083676969076198e+08
1071 1.9536029653343946e+08
1072 6.2489328539611965e+07
1073 -3.3090041207897007e+08
1074 -4.3936768218688226e+08
1075 3.9342962084630632e+08
1076 6.3018947375994861e+08
1077 -2.0590933461313218e+08
1078 1.8260482348519299e+07
1079 2.9392772533945143e+07
1080 -4.3262462735455394e+08
1081 -5.6871457207331204e+08
1082 1.0797171962101228e+09
1083 1.5596663755044430e+08
1084 -7.5023023204268944e+08
1085 -6.7086453088703799e+08
1086 5.4165862059107852e+08
1087 1.2419267855293300e+09
1088 -5.4853982792240691e+08
1089 3.9293400811971378e+08
1090 -5.0168773724928588e+08
1091 -8.4044247330471981e+08
1092 -1.2665911030748354e+08
1093 1.3847620960400813e+09
1094 -6.3152242688842785e+08
1095 -1.3357171816621373e+09
1096 4.8286943665583515e+08
1097 8.3303530741184962e+08
1098 2.9798035582680144e+09
1099 -1.6047151549292827e+09
1100 -4.6120571469514030e+08
1101 -1.2738618282525558e+09
1102 -3.4410419579046297e+09
1103 1.1796041303973033e+09
1104 1.8136085032219949e+09
1105 3.2681930876025119e+09
1106 8.4123474754395568e+08
1107 -2.5300307097755070e+09
1108 9.7448624141452253e+07
1109 7.3939617919039440e+08
1110 -3.6894644639162302e+09
1111 -6.2529011616730273e+08
1112 -1.3537552984154966e+08
1113 -1.3826204028874621e+09
1114 4.6932807147984247e+09
1115 6.3295079108721342e+09
1116 2.4926597703680301e+09
1117 -7.2570167437303171e+09
1118 -1.0120270266327337e+10
1119 3.2296775946038661e+09
1120 3.6296547489952059e+09
1121 -3.2448640884651375e+09
1122 7.0481651511394062e+09
1123 1.4536057061367269e+09
1124 -2.7462170570967441e+09
1125 1.5080060385545866e+09
1126 2.3211829637724400e+09
1127 -2.4725563753496319e+07
1128 -1.3972131541466721e+10
1129 -4.1073236256109633e+09
1130 1.0059088628837948e+10
1131 3.9520518991830363e+09
1132 3.7770155884194732e+09
1133 8.7663982399701595e+09
1134 -5.2743470919574232e+09
1135 -1.6401123935957445e+10
1136 -2.6287653443696985e+09
1137 1.5287220787412022e+10
1138 9.2116568513009429e+08
1139 -1.2776796828032116e+10
1140 -9.5648080217667198e+09
1141 1.1856829101248199e+10
1142 2.0444844571978931e+10
1143 4.9690154245967400e+08
1144 8.4974104834695463e+09
1145 -2.7254992479596077e+10
1146 -2.4988837739422817e+10
1147 7.7874306932462144e+08
1148 2.6983237372777130e+10
1149 1.6383021783568205e+10
1150 -1.7334639178334206e+10
1151 4.2618734974627495e+09
1152 7.3821562545216045e+09
1153 2.4010310062132072e+10
1154 -4.9706314086593552e+10
1155 9.1134971699276695e+09
1156 -7.8908792554288464e+09
1157 -4.5513283247040977e+10
1158 5.5150238656318542e+10
1159 3.5227934139244118e+10
1160 5.3455455169266350e+10
1161 -6.8693484339156342e+10
1162 -6.7730146363611443e+10
1163 2.0155238766354416e+10
1164 5.3807523971728306e+09
1165 6.9349663416878204e+09
1166 9.0584120651654266e+10
1167 -2.4018831871441319e+10
1168 -1.1579909975102031e+11
1169 4.9458257132996155e+10
