1 1.0000000000000000e+00
2 -1.7102140386463422e+00
3 1.0833261179857461e+00
4 1.9248320579809826e+00
5 1.0615140931506357e+00
6 -1.8527195354061896e+00
7 -8.5688988383360798e-01
8 -1.5816607689465867e+00
9 1.7359547789757726e-01
10 -1.8154163043246030e+00
11 -1.0109185465747559e+00
12 2.0852208411368554e+00
13 8.3779043716836887e-01
14 1.4654651089068804e+00
15 1.1499659417080734e+00
16 7.8014639344357273e-01
17 -7.0252593516430784e-01
18 -2.9688542334831935e-01
19 -5.5574732507856417e-01
20 2.0432363564998814e+00
21 -9.2829119139340444e-01
22 1.7288870902871920e+00
23 -4.7159423457814387e-01
24 -1.7134544207718194e+00
25 1.2681216995445627e-01
26 -1.4328009670849542e+00
27 -8.9526560280792544e-01
28 -1.6493691185623338e+00
29 1.2392555716656504e+00
30 -1.9666878974839417e+00
31 1.3185849163427291e-01
32 2.4744345467726861e-01
33 -1.0951544646577291e+00
34 1.2014697168306121e+00
35 -9.0960068796551896e-01
36 3.3414214098592093e-01
37 -9.2154365320482123e-01
38 9.5044687728680921e-01
39 9.0760026197916732e-01
40 -1.6789551968150165e+00
41 -6.0789674632282542e-01
42 1.5875766274701917e+00
43 8.3081024790939018e-01
44 -1.9458484264539502e+00
45 1.8427404630088273e-01
46 8.0652708051915134e-01
47 -6.9262549224237013e-01
48 8.4515296386683425e-01
49 -2.6573972698299148e-01
50 -2.1687595332616208e-01
51 -7.6106469411874478e-01
52 1.6126058913286416e+00
53 -1.7202179377041948e+00
54 1.5310958022379886e+00
55 -1.0731042842153617e+00
56 1.3553091125679595e+00
57 -6.0205559225328287e-01
58 -2.1193922761097856e+00
59 1.2843997930772511e+00
60 2.2134913101966820e+00
61 -1.4623791067336429e+00
62 -2.2550624350990603e-01
63 -1.4875220889124743e-01
64 -1.2033276634081198e+00
65 8.8932635615867595e-01
66 1.8729485399413757e+00
67 -5.9182907147209396e-01
68 -1.3522444415712642e+00
69 -5.1089035140647954e-01
70 1.5556118661224256e+00
71 -3.5521150854504052e-01
72 -2.7456915706530099e-01
73 -8.3557543503058851e-01
74 1.5760368929331527e+00
75 1.3737893578939253e-01
76 -1.0697202674448776e+00
77 8.6624587594039504e-01
78 -1.5521907095137770e+00
79 5.3578367995159659e-01
80 8.2813639135941963e-01
81 -1.1434600879592172e+00
82 1.0396335496178699e+00
83 1.6802627568198671e+00
84 -1.7868046443295613e+00
85 -7.4574118098004727e-01
86 -1.4208633494246015e+00
87 1.3425179276229560e+00
88 1.5989302057163677e+00
89 1.0731345721371444e-01
90 -3.1514806094072356e-01
91 -7.1789415038333382e-01
92 -9.0773970107163970e-01
93 1.4284574786475077e-01
94 1.1845378403565370e+00
95 -5.8993361779886111e-01
96 2.6806195717555176e-01
97 -3.2638552213298194e-01
98 4.5447181171274315e-01
99 -1.7549088820542397e-01
100 2.4409213006725217e-01
101 -5.6292966717804638e-01
102 1.3015835242069795e+00
103 -1.0419677952642290e+00
104 -1.3251002670641612e+00
105 -9.8539418220789154e-01
106 2.9419408665914553e+00
107 1.7961358879182361e+00
108 -1.7232359326950484e+00
109 -1.7466677766748357e+00
110 1.8352380117947500e+00
111 -9.9833230837186071e-01
112 -6.6849955245129455e-01
113 -3.4013942295428889e-01
114 1.0296439259177619e+00
115 -5.0060392625109973e-01
116 2.3853588523438796e+00
117 1.4543663132092960e-01
118 -2.1965985573540316e+00
119 6.0198736697310262e-01
120 -1.8188560156316016e+00
121 2.1956307808757278e-02
122 2.5009812781563125e+00
123 -6.5855042232643124e-01
124 2.5380545181479858e-01
125 -9.2690118756311313e-01
126 2.5439811592632133e-01
127 -9.9339303099353904e-01
128 1.8105044083687163e+00
129 9.0003844065073879e-01
130 -1.5209384192391444e+00
131 4.9799019519811683e-01
132 -2.1079884220004703e+00
133 4.7621426083017826e-01
134 1.0121543865076919e+00
135 -9.5033705449482930e-01
136 1.1111577108156139e+00
137 7.2355414846276256e-01
138 8.7373185118400742e-01
139 -3.2403544577064042e-01
140 -1.7508285641574244e+00
141 -7.5033928572041486e-01
142 6.0748770860329260e-01
143 -8.4693789107513884e-01
144 1.3542988600177425e-01
145 1.3154872543205247e+00
146 1.4290128393505668e+00
147 -2.8788278682845242e-01
148 -1.7738167665122562e+00
149 1.0585495036810870e+00
150 -2.3494738459846809e-01
151 -9.4775026040614319e-01
152 8.7900374151908400e-01
153 -1.2195532545264530e-01
154 -1.4814658579509299e+00
155 1.3996964717136129e-01
156 1.7469780800867776e+00
157 1.0908051877165772e+00
158 -9.1630477112877629e-01
159 -1.8635570205399821e+00
160 2.6266471439815181e-01
161 4.0410432886598957e-01
162 1.9555614950533449e+00
163 6.4215896824109686e-01
164 -1.1700991452631062e+00
165 -1.1625218984080472e+00
166 -2.8736089553247277e+00
167 1.5188600001756711e+00
168 1.4682417595791726e+00
169 -2.9810718339062875e-01
170 1.2753770369067499e+00
171 -9.6475222491520587e-02
172 1.5991701992750886e+00
173 -7.4728266477792415e-01
174 -2.2959930069554373e+00
175 -1.0866406558058077e-01
176 -7.8866445817451702e-01
177 1.3914238417763372e+00
178 -1.8352898106002913e-01
179 -5.1557977094055485e-01
180 3.5469659176817303e-01
181 1.0095343983277254e+00
182 1.2277526542439836e+00
183 -1.5842334807128469e+00
184 7.4590209969013554e-01
185 -9.7823157532594651e-01
186 -2.4429680336052095e-01
187 7.1019649730766643e-01
188 -1.3331877516378108e+00
189 7.6714403838924961e-01
190 1.0089127550284434e+00
191 -4.6506666900237459e-01
192 -1.3035962862570307e+00
193 -7.0509524195458334e-02
194 5.5818910196365268e-01
195 9.6343046903568730e-01
196 -5.1150434559307156e-01
197 6.4022686879710355e-01
198 3.0012698067355442e-01
199 -1.7290239134471552e-01
200 -2.0057383423882302e-01
201 -6.4114389050157305e-01
202 9.6273021957793425e-01
203 -1.0619055628332477e+00
204 -1.4649217214437182e+00
205 -6.4529096340066239e-01
206 1.7819879512769550e+00
207 -8.1866626528585007e-02
208 6.5359918801710193e-01
209 5.6181527813000465e-01
210 1.6852349640113153e+00
211 1.4713790985861013e+00
212 -3.3111306332048915e+00
213 -3.8480990461850412e-01
214 -3.0717768108319357e+00
215 8.8191678688904218e-01
216 1.4160064817504734e+00
217 -1.1298820757585094e-01
218 2.9871757525486977e+00
219 -9.0520069231628142e-01
220 -2.0655455278118682e+00
221 -5.8856951034280880e-01
222 1.7073619290141251e+00
223 2.6278856060032846e-01
224 -2.1203179313577733e-01
225 2.2014019248955758e-02
226 5.8171121623110777e-01
227 -5.2486785849500861e-01
228 -1.1588559046580638e+00
229 1.0827741844285911e-01
230 8.5613986247586626e-01
231 9.3842678199988672e-01
232 -1.9600819203763602e+00
233 -1.1581178144364432e-01
234 -2.4872776861836718e-01
235 -7.3523172128664926e-01
236 2.4722538969797490e+00
237 5.8042845407303956e-01
238 -1.0295272460832772e+00
239 2.5900657425389428e-01
240 8.9714178201013328e-01
241 9.7379321587853312e-02
242 -3.7549985852637038e-02
243 -3.4347457534096293e-01
244 -2.8148341855562395e+00
245 -2.8208646530354209e-01
246 1.1262621774192505e+00
247 -4.6559979443060229e-01
248 -2.0855540326986671e-01
249 1.8202725295307220e+00
250 1.5851994234054325e+00
251 -1.2971757690927543e+00
252 -2.8632302037235530e-01
253 4.7674335819200764e-01
254 1.6989147074978113e+00
255 -8.0788089860922896e-01
256 -1.8930223928144176e+00
257 -4.7127669626180546e-01
258 -1.5392583765173695e+00
259 7.8966143394142785e-01
260 1.7118038803392905e+00
261 2.1512916320533659e-01
262 -8.5166982293691962e-01
263 6.7879228434957317e-01
264 1.7321628526803803e+00
265 -1.8260355841614291e+00
266 -8.1442831426736140e-01
267 1.1625547100985727e-01
268 -1.1391715696105880e+00
269 1.0733753042892646e+00
270 1.6252797720406851e+00
271 1.4425070687715567e+00
272 -5.4807307461882437e-01
273 -7.7771348305529753e-01
274 -1.2374324624210731e+00
275 -1.2819677453773751e-01
276 -9.8337812650116119e-01
277 -7.4313956345367582e-01
278 5.5416996837293930e-01
279 2.2890037870425851e-02
280 1.4386797235607178e+00
281 6.4227456055065885e-02
282 1.2832407801915489e+00
283 -3.7018216902616957e-01
284 -6.8372249901365056e-01
285 -6.3909049603820500e-01
286 1.4484450711777466e+00
287 5.2090057233908971e-01
288 4.2955064772003775e-02
289 -5.0645731042165998e-01
290 -2.2497647699993299e+00
291 -3.5358196065997261e-01
292 -1.6083423842100613e+00
293 1.1257792942949030e+00
294 4.9234118351746414e-01
295 1.3634084815908805e+00
296 1.4575694431358994e+00
297 9.0504060198962266e-01
298 -1.8103462217959947e+00
299 -3.9509713995129442e-01
300 2.6443137969026953e-01
301 -7.1191289682220660e-01
302 1.6208558004780080e+00
303 -6.0983641104344166e-01
304 -4.3356427132392217e-01
305 -1.5523360313225147e+00
306 2.0856970967689076e-01
307 6.1557433763904834e-01
308 1.6673778321013610e+00
309 -1.1287909267052201e+00
310 -2.3937805557680264e-01
311 5.2006542270747036e-01
312 -1.4355157282551436e+00
313 1.7314544867672643e+00
314 -1.8655103454575557e+00
315 -1.5790256612721013e-01
316 1.0312936033074058e+00
317 -2.9444787345583284e-01
318 3.1870813783384775e+00
319 -1.2527864413292176e+00
320 -1.2773492733826632e+00
321 1.9458009188249241e+00
322 -6.9110489633429140e-01
323 3.9042690926465795e-01
324 -2.2009686343111876e+00
325 1.0624202330264534e-01
326 -1.0982292825270530e+00
327 -1.8922108219285054e+00
328 9.6148643522645727e-01
329 5.9350377758765016e-01
330 1.9881612708897429e+00
331 2.6843513993020530e-02
332 3.2342236201505101e+00
333 -1.5997581089036647e-01
334 -2.5975756950330289e+00
335 -6.2823490009876726e-01
336 -7.2420302502405887e-01
337 1.2391411438189275e+00
338 5.0982709006295113e-01
339 -3.6848192063719243e-01
340 -1.4354265321044344e+00
341 -1.3329819471717755e-01
342 1.6499327988304721e-01
343 1.0845995676192477e+00
344 -1.3140599755568660e+00
345 -5.4231730807354050e-01
346 1.2780133041377661e+00
347 -1.2821534400183854e+00
348 2.5841215455047446e+00
349 5.0092927372038749e-02
350 1.8583881045133119e-01
351 -7.5004496075779425e-01
352 -2.5014517756447063e-01
353 1.3757171740965612e+00
354 -2.3796325879055167e+00
355 -3.7706202237144515e-01
356 2.0656038269736163e-01
357 6.5214863733688588e-01
358 8.8175176229940921e-01
359 1.2410420808701312e+00
360 -2.9145902976333493e-01
361 -6.9114491066970474e-01
362 -1.7265199005151217e+00
363 2.3785841699963742e-02
364 -1.3818256748897726e+00
365 -8.8697510017600822e-01
366 2.7093783392074262e+00
367 2.3211500561066808e-01
368 -3.6791254127376721e-01
369 -1.0552812619272720e-01
370 1.6729853731688062e+00
371 1.4740373488076888e+00
372 2.7495407483667983e-01
373 -1.2388565084944041e+00
374 -1.2145880198908809e+00
375 -1.0041362652706636e+00
376 1.0954985686459537e+00
377 1.0382364671329571e+00
378 -1.3119805041173367e+00
379 -1.4661223409370572e+00
380 -1.1355231396186896e+00
381 -1.0761686158988908e+00
382 7.9536354621534966e-01
383 1.5736580032898106e+00
384 1.9613667123055176e+00
385 9.1953220544332837e-01
386 1.2058637813712328e-01
387 1.4422490202633353e-01
388 -6.2823731626363244e-01
389 -4.6571202949201862e-01
390 -1.6476723134039584e+00
391 3.3130718066426690e-01
392 4.2031010092167231e-01
393 5.3948578496170352e-01
394 -1.0949249789373217e+00
395 5.6874192714451544e-01
396 -3.3779048751274809e-01
397 -1.3278073109330191e-01
398 2.9570009699017497e-01
399 5.1589534650758506e-01
400 9.8932057033789711e-02
401 -1.6157761218334488e+00
402 1.0964932823297489e+00
403 1.1046978335115051e-01
404 -1.0835450697726274e+00
405 -1.2137989983151920e+00
406 1.8160858012730146e+00
407 9.3160557050162396e-01
408 1.2037461693229230e+00
409 -1.4359203196354149e+00
410 1.1035856646181885e+00
411 7.8384510680150687e-01
412 -2.0056130157055074e+00
413 -1.1005891894862216e+00
414 1.4000945398380429e-01
415 1.7836225965557775e+00
416 2.0730576006942955e-01
417 -3.5103606154925537e-01
418 -9.6082437578290103e-01
419 4.2407816530307840e-01
420 -1.8967183116605022e+00
421 8.3405819950058646e-01
422 -2.5163731905676663e+00
423 -1.2023665333796785e-01
424 2.7208012261029411e+00
425 -8.9088838286447147e-02
426 6.5810730108494897e-01
427 1.2530978628895180e+00
428 3.4572599375502051e+00
429 -9.1750993771031375e-01
430 -1.5082664698544892e+00
431 -1.4794000598938193e+00
432 -6.9843823120520143e-01
433 -8.7721255290791567e-01
434 1.9323401880350960e-01
435 1.4251017004797581e+00
436 -3.3620421312159596e+00
437 2.6208723438580012e-01
438 1.5480869317881918e+00
439 -8.3015037207552067e-01
440 1.6972869473298138e+00
441 -4.6131214899094518e-02
442 1.0065798393030270e+00
443 5.3491884042853355e-01
444 -1.9216220316859818e+00
445 1.1391474721570165e-01
446 -4.4942468553311932e-01
447 1.1467543245139182e+00
448 1.0311193017112810e+00
449 -1.2075949335062894e+00
450 -3.7648684762678256e-02
451 6.1453409525903213e-01
452 -6.5471126547902569e-01
453 -1.0267226104245577e+00
454 8.9763638003039081e-01
455 -7.6205475801860534e-01
456 9.5224771099333760e-01
457 9.0512598120814636e-01
458 -1.8517756108818167e-01
459 6.2894730483384353e-01
460 -9.6357848559949477e-01
461 -1.9338671074829685e+00
462 -1.6049106568167282e+00
463 5.9745373868840956e-01
464 9.6680076477885668e-01
465 1.5163277450554619e-01
466 1.9806293446468476e-01
467 1.2360882464459066e+00
468 2.7994109037056703e-01
469 5.0713234430194942e-01
470 1.2574036114037157e+00
471 1.1816977494772674e+00
472 -2.0314847643533698e+00
473 -8.3988148829550191e-01
474 -9.9265689059053908e-01
475 -7.0475524237932519e-02
476 1.1587245824481263e+00
477 -2.9862205498589511e-01
478 -4.4295667939279981e-01
479 -1.0355927951393833e+00
480 2.8455154538283983e-01
481 -7.7206046008561136e-01
482 -1.6653948197564825e-01
483 4.3777677386829517e-01
484 4.2262205143023639e-02
485 -3.4646283154499946e-01
486 5.8741504066428141e-01
487 6.6005156116073116e-01
488 2.3129876624414849e+00
489 6.9566758219043590e-01
490 4.8242823307347316e-01
491 -1.2932665291099472e+00
492 -1.2675989646910879e+00
493 -8.7060917938219229e-01
494 7.9627530482566000e-01
495 -1.8628605105628721e-01
496 1.0286892669322223e-01
497 3.0437714829402901e-01
498 -3.1130556341665780e+00
499 7.3952291533137926e-01
500 -1.7841291203960594e+00
501 1.6454207077461664e+00
502 2.2184482108932100e+00
503 1.5115737701459344e+00
504 2.3527553310056232e-01
505 -5.9755777516193320e-01
506 -8.1533318401073840e-01
507 -3.2294729772917935e-01
508 -1.9121147522291317e+00
509 -1.7760811290760921e+00
510 1.3816492543551251e+00
511 7.1599613745849500e-01
512 1.4269690632918206e+00
513 4.9754146399719074e-01
514 8.0598402203297304e-01
515 -1.1060634992801361e+00
516 1.7324228439691889e+00
517 7.0018795593806860e-01
518 -1.3504900701021059e+00
519 -8.0955082826562819e-01
520 -1.4066126083239257e+00
521 2.2712126956505063e-01
522 -3.6791691503197699e-01
523 -2.8933697558228633e-01
524 9.5854749228112157e-01
525 -1.1771862032812282e-01
526 -1.1608800940227348e+00
527 -9.2634010144276011e-02
528 -8.5438080586518117e-01
529 -7.7759887791404825e-01
530 3.1229116910983743e+00
531 2.2296599589142546e-01
532 9.1663247570475825e-01
533 -5.0929008085422023e-01
534 -1.9882173859169686e-01
535 1.9066235582356843e+00
536 9.3607282426273475e-01
537 -5.5854103175989378e-01
538 -1.8357015141312854e+00
539 2.6864121856924084e-01
540 -1.8292392283718397e+00
541 1.3325796823316201e+00
542 -2.4669958398536975e+00
543 1.0936549807150304e+00
544 -1.7383544439895460e-01
545 -1.8541124610082227e+00
546 1.3300565167627583e+00
547 2.9324804229717649e-01
548 1.3927202206425671e+00
549 -2.5386239990761611e-01
550 2.1924392352230326e-01
551 -6.8871296902973711e-01
552 8.0805522605455637e-01
553 -4.5910761527274879e-01
554 1.2709277140936250e+00
555 -1.0597438149886513e+00
556 -6.2371381393600600e-01
557 1.3221403748556440e+00
558 -3.9146864110855828e-02
559 6.9604488079936533e-01
560 -7.0962169619056259e-01
561 7.6937441443185062e-01
562 -1.0984269700955160e-01
563 -1.6599476680849066e+00
564 -1.4442771115266213e+00
565 -3.6106279109754497e-01
566 6.3309074232224272e-01
567 9.7981938193685336e-01
568 5.6182410774592961e-01
569 1.5427990501343876e+00
570 1.0929815382877546e+00
571 -1.5754846288934374e+00
572 -1.6302132038587169e+00
573 -5.0381886913532536e-01
574 -8.9085147155255495e-01
575 -5.9803888223887172e-02
576 -2.0889224080235572e-01
577 3.1912483778390149e-01
578 8.6615040225965756e-01
579 -7.6384809125051897e-02
580 2.5320920389811157e+00
581 -1.4398001585005356e+00
582 6.0470083292990162e-01
583 1.7390002173759955e+00
584 1.3215968850850490e+00
585 1.5438303380693102e-01
586 -1.9253235535203597e+00
587 -1.1637220370231312e+00
588 -5.5412601702414910e-01
589 -7.3280004013755659e-02
590 -2.3317203256233685e+00
591 6.9357448840616565e-01
592 -7.1893895744676017e-01
593 5.0819931168218202e-01
594 -1.5478131430655271e+00
595 6.3901807394020860e-01
596 2.0375300196416126e+00
597 -1.8730967640041318e-01
598 6.7570067537353251e-01
599 1.2438777517907009e+00
600 -2.1728687321841850e-01
601 -1.3963718232982714e-01
602 1.2175234304328786e+00
603 -1.0273885050219586e-01
604 -1.8242600841876362e+00
605 2.3306930171367302e-02
606 1.0429507914389380e+00
607 -8.7446128405933810e-01
608 -1.3751603804367532e-01
609 -1.1503900310467980e+00
610 2.6548268734635943e+00
611 -5.8027501393670100e-01
612 -2.3474352007035196e-01
613 -9.7422018389513887e-01
614 -1.0527638740595846e+00
615 -6.9906055434891956e-01
616 -1.3701071182367093e+00
617 1.2180236830299755e+00
618 1.9304740895468779e+00
619 7.3150301174648158e-01
620 2.6941806401894747e-01
621 4.2220209670100750e-01
622 -8.8942318692785882e-01
623 -9.1955815885382888e-02
624 7.0806107107140182e-01
625 -1.1107308435056320e+00
626 -2.9611577705450030e+00
627 6.0862916427626557e-01
628 2.0996167943233623e+00
629 6.4740831675941357e-01
630 2.7004718532914013e-01
631 1.0607897378233695e+00
632 -8.4742802721862587e-01
633 1.5939834069407774e+00
634 5.0356888683799439e-01
635 -1.0545007024347313e+00
636 -3.5870342949944312e+00
637 -2.2263420204527828e-01
638 2.1425329593844609e+00
639 -6.1663111576404528e-02
640 1.9218759451899090e+00
641 -4.5842784076693088e-01
642 -3.3277360477830995e+00
643 -1.1283040553814450e+00
644 7.7783296700187043e-01
645 9.5540348911551076e-01
646 -6.6771358129092040e-01
647 3.5367683619725165e-01
648 1.8085659619699406e+00
649 -1.2984235720355071e+00
650 -1.8169659974977748e-01
651 -1.2240307629518032e-01
652 1.2360481683864639e+00
653 -6.3606430638851616e-02
654 3.2360855117375888e+00
655 5.2862361045915274e-01
656 -4.7424845422590667e-01
657 -1.4505211695929116e-01
658 -1.0150184924257517e+00
659 -5.2804716728770484e-01
660 -2.2376594181616429e+00
661 3.7623196342290938e-01
662 -4.5908154466677835e-02
663 -6.3761272280481696e-01
664 -2.6576056839829461e+00
665 5.0550814923572718e-01
666 2.7359287761377626e-01
667 -5.8442578275763213e-01
668 2.9235504199236488e+00
669 2.8468571120265346e-01
670 1.0744161457245651e+00
671 1.4783461611221311e+00
672 -2.2969957934940285e-01
673 4.1721847248093585e-01
674 -2.1191965800076180e+00
675 -1.1353057379355125e-01
676 -5.7380626330619644e-01
677 -1.1218884359531458e+00
678 6.3018295366881105e-01
679 2.7967645215067216e-01
680 1.1795095697415285e+00
681 -5.6860305958749913e-01
682 2.2796844393022880e-01
683 9.0369144696020787e-01
684 -1.8569860106190919e-01
685 7.6806292576510327e-01
686 -1.8548974068483943e+00
687 1.1729975536796011e-01
688 6.4815361856365250e-01
689 -1.4411821380639473e+00
690 9.2747867368467674e-01
691 -2.4793958018928494e-01
692 -1.4383936295605524e+00
693 1.5037636682570232e-01
694 2.1927568128329060e+00
695 -3.4396819234634435e-01
696 -2.1234079377281048e+00
697 4.2706323020694142e-01
698 -8.5669627697452802e-02
699 -1.2546192756277733e-01
700 -2.0916007701489961e-01
701 7.5830409165448098e-01
702 1.2827374215228460e+00
703 5.1214542017919706e-01
704 1.2164662525613399e+00
705 -7.9649572649792577e-01
706 -2.3527708243182279e+00
707 4.8236873715609779e-01
708 2.6782572168710828e+00
709 -8.5983106652930041e-01
710 6.4485676412855419e-01
711 9.3009623915618289e-02
712 -1.6973348523883017e-01
713 -6.2183704447707780e-02
714 -1.1153137548458842e+00
715 -8.9903650736578522e-01
716 -9.9240447156507239e-01
717 2.8058858659500713e-01
718 -2.1224475892629684e+00
719 -4.8877865732213821e-01
720 1.4376073261772140e-01
721 8.9285166307653063e-01
722 1.1820057290134993e+00
723 1.0549356191642957e-01
724 1.9431841735307813e+00
725 1.5715268824063591e-01
726 -4.0678880373752731e-02
727 -9.4379334936245995e-01
728 1.1354650139930023e+00
729 7.7136510958531090e-01
730 1.5169172681783842e+00
731 -5.8366574634343382e-01
732 -3.0493833911036177e+00
733 9.6508136373898024e-01
734 -3.9696634121628727e-01
735 -3.0559163547083956e-01
736 -1.1669290658493295e-01
737 5.9829098449386453e-01
738 1.8047568276802628e-01
739 9.2742029103571066e-01
740 -1.8829314961466712e+00
741 -5.0439641769811117e-01
742 -2.5209193674254449e+00
743 7.8359217858781538e-01
744 -2.2593351515088173e-01
745 1.1236652163153387e+00
746 2.1187097927702840e+00
747 2.9168601662878135e-01
748 1.3670089854116734e+00
749 -1.5390906724320104e+00
750 1.7172879374267933e+00
751 -6.8219316330936874e-01
752 -5.4034927980238467e-01
753 -1.4052643900828941e+00
754 -1.7756065811514958e+00
755 -1.0060502584719426e+00
756 1.4766234380875167e+00
757 -9.4681472702862624e-01
758 2.5073830092976839e+00
759 5.1646853188431674e-01
760 9.3307485950502123e-01
761 -1.0172717088680152e+00
762 1.8404786745893891e+00
763 1.4967019476456804e+00
764 -8.9517523364840823e-01
765 -1.2945729650984475e-01
766 -2.6912920095538451e+00
767 1.0760578649944810e+00
768 -2.0507606008968491e+00
769 1.8618530187808489e+00
770 -1.5725968862628330e+00
771 -5.1054635465504350e-01
772 -1.3571899269415200e-01
773 -1.1955549868887021e+00
774 -2.4665545148601520e-01
775 1.6721259887331429e-02
776 5.1623117689710962e-01
777 8.5546085485224144e-01
778 7.9646725139745378e-01
779 3.3783699002864470e-01
780 1.8544418531112519e+00
781 3.5908990121305223e-01
782 -5.6660619264827539e-01
783 -1.1094628847993622e+00
784 -2.0731588850539540e-01
785 1.1579050795095878e+00
786 -9.2263616385306690e-01
787 1.1595393429367128e-01
788 1.2323292012776839e+00
789 7.3535340814833450e-01
790 -9.7267042698519857e-01
791 2.9146203323153952e-01
792 2.7756705241219259e-01
793 -1.2251672290513174e+00
794 2.2708346725662826e-01
795 -1.9781920413776302e+00
796 -3.3280806703940324e-01
797 -9.8964332224918228e-01
798 -8.8229146550125215e-01
799 4.8658737364911525e-01
800 3.1378842902682627e-02
801 1.8629132041198086e-02
802 2.7633230067381729e+00
803 8.4469870160048000e-01
804 -1.2340943074597110e+00
805 4.2896243138363543e-01
806 -1.8892697304346232e-01
807 1.1628155085061795e+00
808 8.9036376519142735e-01
809 -1.2409218608854149e+00
810 2.0758560873622054e+00
811 -1.5184474012844171e+00
812 -2.0439898672039258e+00
813 1.5627055848494076e+00
814 -1.5932449279760033e+00
815 6.8166079155373949e-01
816 -5.9374187812882273e-01
817 -4.6172056442728793e-01
818 2.4557310849427463e+00
819 -1.2462318127084121e-01
820 -1.2420767255945453e+00
821 9.5865235235263280e-01
822 -1.3405429134584097e+00
823 -1.3371660326714456e+00
824 1.6480395888944037e+00
825 -1.3887892747356817e-01
826 1.8822430761469788e+00
827 -2.8079586678942951e-02
828 -1.5757951464560552e-01
829 2.8574998675048696e-01
830 -3.0503764030802762e+00
831 -8.0506248141359626e-01
832 -1.0081364167627695e+00
833 1.8668906300002389e-01
834 6.0034679112980138e-01
835 1.6122912758050276e+00
836 1.0814000723486408e+00
837 -1.1804835623004746e-01
838 -7.2526443104794824e-01
839 -2.6546891385372018e-01
840 1.5585593153096886e+00
841 5.3575437119777403e-01
842 -1.4264180574277321e+00
843 6.9579282694142319e-02
844 2.8321577039920411e+00
845 -3.1644502480977338e-01
846 2.0563047054456043e-01
847 -1.8814180565597225e-02
848 -1.3420218148022391e+00
849 -4.0102798522530370e-01
850 1.5236102849700817e-01
851 4.3459468011580960e-01
852 -7.4069444781941718e-01
853 -7.5993262724560706e-01
854 -2.1430655244249861e+00
855 -1.0240981590386407e-01
856 -2.8408777178925533e+00
857 -2.0547234211031612e-01
858 1.5691383998224435e+00
859 1.0662456946870968e+00
860 1.6975417018178234e+00
861 5.6430524521326031e-01
862 2.5300906762386095e+00
863 -1.6388476114552586e-01
864 -2.2152757563586337e-01
865 -7.9325106787726130e-01
866 1.5002212261650951e+00
867 -5.4865826309499088e-01
868 -2.1748340400057900e-01
869 -5.4163370261422028e-01
870 -2.4372287895940330e+00
871 -4.9582883238487330e-01
872 2.7626358674855362e+00
873 -5.6659138863757917e-02
874 -4.4822518365952230e-01
875 7.9425222950065077e-01
876 -1.7423592791208673e+00
877 -1.5388184204849842e-01
878 1.4197347793481427e+00
879 1.2195861855174912e+00
880 -8.3717850463305943e-01
881 -1.4444408812022766e+00
882 7.8894326166095291e-02
883 -1.6897962512862836e+00
884 -1.1328973352644420e+00
885 1.4770158529827688e+00
886 -9.1482564947797207e-01
887 4.4218930615190127e-01
888 1.5790231661921355e+00
889 8.5122838779017374e-01
890 -1.9481821981223038e-01
891 1.1559449105825188e+00
892 5.0582391867455678e-01
893 3.8492469644464661e-01
894 -1.9611953146512080e+00
895 -5.4729526133597894e-01
896 -1.5514031129991246e+00
897 -4.2801891826190946e-01
898 2.0652458710014199e+00
899 1.6340587474138674e-01
900 4.2373286112127193e-02
901 1.2084972524888986e+00
902 -1.0509849950984764e+00
903 -7.7123366870187204e-01
904 5.3798502925956437e-01
905 1.0716354526863916e+00
906 1.7559143278248481e+00
907 -1.4832067963131312e+00
908 -1.0102831122702538e+00
909 -9.7721663410108656e-02
910 1.3032764981570131e+00
911 1.3577775980385078e+00
912 -4.6969147031498182e-01
913 -1.6986088582524221e+00
914 -1.5479593656837922e+00
915 -1.6816855339271470e+00
916 2.0841651368039835e-01
917 -4.2672142698843912e-01
918 -1.0756347644899558e+00
919 -4.9136912571917857e-01
920 7.9178478918922168e-01
921 6.6686690798739168e-01
922 3.3073273805883741e+00
923 -2.9759429463795545e-01
924 1.8063153285215365e+00
925 -1.1686450928933942e-01
926 -1.0217730417819093e+00
927 -1.8088079625647285e-01
928 3.0664542669934880e-01
929 1.4165229236669648e+00
930 -2.5932563581853146e-01
931 1.4768566081212811e-01
932 -2.2292089373517712e-01
933 5.6340423580766896e-01
934 -2.1139758753335633e+00
935 7.5388508300071699e-01
936 -2.3003002724837029e-01
937 -1.1217637569945345e+00
938 -8.6730411599004009e-01
939 1.8757260726421459e+00
940 -1.4152009682220561e+00
941 -1.5113589844852697e+00
942 -2.0209531942532806e+00
943 2.8668476307570073e-01
944 1.0020212368082768e+00
945 8.1433210741077289e-01
946 1.4363764039782769e+00
947 6.7621823437888118e-01
948 1.1172324769633171e+00
949 -7.0003578117329346e-01
950 1.2053147691880757e-01
951 -3.1898708340436194e-01
952 -9.5214034129699443e-01
953 1.1538079128574743e+00
954 5.1070415892229826e-01
955 -4.9367185073587616e-01
956 4.9855335653122235e-01
957 -1.3571836199741831e+00
958 1.7710828895123394e+00
959 -6.2000425735255127e-01
960 -1.3837773754626976e+00
961 -9.8261288690705406e-01
962 1.3203886883286688e+00
963 3.1181472985633962e-01
964 1.8744401564768190e-01
965 -7.4856144903359956e-02
966 -7.4868927767543592e-01
967 1.1923394694580460e+00
968 -3.4745831634165912e-02
969 4.2295534179449817e-01
970 5.9251158250152769e-01
971 -5.8491961355777500e-01
972 -6.6113312723157047e-01
973 2.7767270414992018e-01
974 -1.1288168801380949e+00
975 1.1507713420219473e-01
976 -1.1408463835514522e+00
977 7.5932695311542220e-01
978 -1.1897700257312116e+00
979 -1.0847788379662895e-01
980 -5.4298449457190456e-01
981 -3.0318857797042820e-01
982 2.2117561988750341e+00
983 -1.1041661614659455e+00
984 1.0416509764886224e+00
985 6.7951813314585574e-01
986 1.4889684403939516e+00
987 6.4291090749276159e-01
988 -8.9612266428247289e-01
989 -3.9180841966722979e-01
990 3.1853208833260815e-01
991 -1.2181998488627743e+00
992 3.2635860903462564e-02
993 2.9082736742618062e-02
994 -5.2052078687893955e-01
995 -1.8354860825707314e-01
996 3.5036923160100573e+00
997 -4.4647731430075033e-01
998 -1.2647435556227917e+00
999 8.2508855623640887e-01
1000 1.4659526959739735e+00
1001 7.2581693762666466e-01
1002 -2.8141072931363258e+00
1003 -9.0236283494198333e-01
1004 -2.4968435946365304e+00
1005 -6.8061602662261966e-01
1006 -2.5852656938553995e+00
1007 9.5619792856663022e-01
1008 -1.1615406233805549e-01
1009 8.0420705423822447e-01
1010 1.0219652492675870e+00
1011 1.3424157137932422e+00
1012 9.1775320230548374e-01
1013 8.7052927966084825e-01
1014 5.5232415205507479e-01
1015 -1.1271289602762773e+00
1016 1.5708333722229029e+00
1017 -5.9066785154589609e-02
1018 3.0374244090088105e+00
1019 -2.0762774122571482e-02
1020 -1.5549188717233515e+00
1021 -1.1558463949404272e+00
1022 -1.2242116342077169e+00
1023 -1.4459643583837389e-01
1024 -5.4730549622041347e-01
1025 -7.7394347147618850e-02
1026 -8.5057007398247941e-01
1027 4.4851214082680357e-01
1028 -9.0696614405311404e-01
1029 1.1751759007638269e+00
1030 1.8911183805589011e+00
1031 -4.0370413483886358e-01
1032 -1.4235509146584127e+00
1033 -5.1688814413691353e-01
1034 -1.1978893474906129e+00
1035 -8.6683404834076105e-02
1036 1.5191322313071542e+00
1037 1.0272752512356915e+00
1038 1.3843766321970852e+00
1039 -1.3388585465924312e+00
1040 6.9429454619802577e-01
1041 -1.3894416240091172e+00
1042 -3.8744191752029750e-01
1043 -9.0733207698320939e-01
1044 4.1469477054210074e-01
1045 5.9422435184869216e-01
1046 4.9584962482738570e-01
1047 5.3880641383283051e-02
1048 -7.8780159475322187e-01
1049 5.3449174095972141e-01
1050 2.0248682153873712e-01
1051 -1.0874045891456547e+00
1052 1.3067245351827628e+00
1053 -9.5910515116530792e-01
1054 1.5811252450920132e-01
1055 1.5622723942777308e+00
1056 -2.7111243883422348e-01
1057 8.1215517299137097e-01
1058 1.3286011522941168e+00
1059 1.4901127537068828e+00
1060 -3.5146856672114923e+00
1061 -6.2275864081845689e-01
1062 -3.8637635323016611e-01
1063 1.5749264350267083e+00
1064 -7.5416651461596829e-01
1065 -4.0789675524996932e-01
1066 8.6889436078830162e-01
1067 3.2617062081140880e-01
1068 2.2105339280139619e-01
1069 -1.3693929770349804e+00
1070 -3.2586030461808670e+00
1071 1.0216337578468243e-01
1072 -4.5572756757690791e-01
1073 -1.1418817247217588e+00
1074 9.5590239553009471e-01
1075 1.0764428337974725e-01
1076 2.0679054214464765e+00
1077 1.3346709349685173e+00
1078 -4.5196497857824836e-01
1079 1.3961527656428021e+00
1080 1.5013353292515248e+00
1081 3.3003144134671375e-01
1082 -2.2789765979473779e+00
1083 -7.4473851824529513e-01
1084 2.7628080145322262e+00
1085 -1.2739897901482572e-01
1086 -1.8580780994467405e+00
1087 -7.7159708696487972e-01
1088 8.4601101688585856e-01
1089 4.1528383169769983e-03
1090 3.1763758819284060e+00
1091 -9.8462051907600190e-01
1092 -1.4940081382229817e+00
1093 2.6622782523011085e-01
1094 -4.9615866478266712e-01
1095 -9.6512929255514324e-01
1096 -1.1737164705729199e+00
1097 -5.8880987214178671e-01
1098 4.2467170117076375e-01
1099 -9.3985962975166626e-01
1100 -2.3659529513972621e-01
1101 2.3097348880152502e-01
1102 1.1986951934812697e+00
1103 2.8342157409720892e-01
1104 -3.9864781991045783e-01
1105 -6.1678521222038674e-01
1106 7.6630289696995812e-01
1107 5.8180183031633326e-01
1108 -1.4531410851183761e+00
1109 5.8630627938800839e-01
1110 1.7685304243443136e+00
1111 5.9476372578931869e-01
1112 4.9814910815162444e-01
1113 1.5964384405251253e+00
1114 -2.2924992394126660e+00
1115 2.5561542166684148e-01
1116 1.0243936707340143e-01
1117 1.6363106679917891e+00
1118 -1.2259115877514011e+00
1119 -1.3310105766612903e+00
1120 -2.0778408581944438e-01
1121 -8.1920098126463492e-01
1122 -1.3029012318702149e+00
1123 -7.3814680603306104e-01
1124 1.8234142803165546e-01
1125 -1.7294810886089623e-01
1126 2.8995102435291376e+00
1127 2.6332212202414201e-01
1128 1.1962478704401065e+00
1129 -4.0712125384625614e-01
1130 5.6724105187851259e-01
1131 1.0150697562916369e+00
1132 -7.6086496135474102e-01
1133 1.1030653786956399e+00
1134 -1.4280739936864062e+00
1135 -5.2716673979224771e-01
1136 -1.0065213599907416e-01
1137 -1.6359483008146447e+00
1138 -2.3572358836878418e+00
1139 -2.4203270884315606e-02
1140 -1.1445271327057116e+00
1141 -6.6876329598761819e-01
1142 1.8791925544131620e+00
1143 -2.1429112439825601e-01
1144 1.2235534716572607e+00
1145 3.3304829814344761e-01
1146 1.5956819284606716e+00
1147 -2.4760035457752089e-01
1148 -1.4418086428437094e-01
1149 2.5042545936309963e+00
1150 -1.4648071527328343e-01
1151 -8.3053231913860048e-01
1152 -1.0362153568993084e+00
1153 2.6925524899320935e-01
