1 1.0000000000000000e+00
2 -1.7102140386451117e+00
3 1.0833261179833331e+00
4 1.9248320579806379e+00
5 1.0615140931498090e+00
6 -1.8527195354044312e+00
7 -8.5688988383363096e-01
8 -1.5816607689450022e+00
9 1.7359547789701993e-01
10 -1.8154163043357141e+00
11 -1.0109185465795061e+00
12 2.0852208411261586e+00
13 8.3779043716705126e-01
14 1.4654651089058786e+00
15 1.1499659417133647e+00
16 7.8014639344564185e-01
17 -7.0252593516404183e-01
18 -2.9688542334981904e-01
19 -5.5574732507796232e-01
20 2.0432363564892766e+00
21 -9.2829119139146610e-01
22 1.7288870902787117e+00
23 -4.7159423457696903e-01
24 -1.7134544207828031e+00
25 1.2681216995355901e-01
26 -1.4328009670861264e+00
27 -8.9526560280630008e-01
28 -1.6493691185612951e+00
29 1.2392555716525011e+00
30 -1.9666878974819904e+00
31 1.3185849163342353e-01
32 2.4744345468053416e-01
33 -1.0951544646567390e+00
34 1.2014697168287389e+00
35 -9.0960068796645832e-01
36 3.3414214098488576e-01
37 -9.2154365320348097e-01
38 9.5044687728645361e-01
39 9.0760026197821264e-01
40 -1.6789551968143248e+00
41 -6.0789674632464952e-01
42 1.5875766274683698e+00
43 8.3081024790856850e-01
44 -1.9458484264520113e+00
45 1.8427404630261088e-01
46 8.0652708051833044e-01
47 -6.9262549224240810e-01
48 8.4515296386626448e-01
49 -2.6573972698175358e-01
50 -2.1687595332383250e-01
51 -7.6106469412302502e-01
52 1.6126058913270571e+00
53 -1.7202179377029583e+00
54 1.5310958022372705e+00
55 -1.0731042842157470e+00
56 1.3553091125654189e+00
57 -6.0205559225337291e-01
58 -2.1193922761078299e+00
59 1.2843997930770223e+00
60 2.2134913101820524e+00
61 -1.4623791067325880e+00
62 -2.2550624350781090e-01
63 -1.4875220889151206e-01
64 -1.2033276634070251e+00
65 8.8932635615782174e-01
66 1.8729485399352117e+00
67 -5.9182907147122721e-01
68 -1.3522444415651669e+00
69 -5.1089035140593120e-01
70 1.5556118661211487e+00
71 -3.5521150854569611e-01
72 -2.7456915706489921e-01
73 -8.3557543503587606e-01
74 1.5760368929319928e+00
75 1.3737893578723842e-01
76 -1.0697202674435371e+00
77 8.6624587593946611e-01
78 -1.5521907095131924e+00
79 5.3578367995081178e-01
80 8.2813639135840267e-01
81 -1.1434600879566448e+00
82 1.0396335496071434e+00
83 1.6802627568188122e+00
84 -1.7868046443288306e+00
85 -7.4574118097904407e-01
86 -1.4208633494240874e+00
87 1.3425179276228569e+00
88 1.5989302057142016e+00
89 1.0731345721510446e-01
90 -3.1514806093808312e-01
91 -7.1789415038136573e-01
92 -9.0773970107175994e-01
93 1.4284574786530377e-01
94 1.1845378403546607e+00
95 -5.8993361779820952e-01
96 2.6806195717571041e-01
97 -3.2638552213467387e-01
98 4.5447181173908546e-01
99 -1.7549088821051256e-01
100 2.4409213006805541e-01
101 -5.6292966717791593e-01
102 1.3015835242053673e+00
103 -1.0419677952638975e+00
104 -1.3251002670629846e+00
105 -9.8539418220720021e-01
106 2.9419408665902087e+00
107 1.7961358879173870e+00
108 -1.7232359326929894e+00
109 -1.7466677766888357e+00
110 1.8352380117936666e+00
111 -9.9833230837280340e-01
112 -6.6849955245066939e-01
113 -3.4013942295350730e-01
114 1.0296439259171821e+00
115 -5.0060392625103223e-01
116 2.3853588523428582e+00
117 1.4543663132091653e-01
118 -2.1965985573529663e+00
119 6.0198736697179955e-01
120 -1.8188560156289053e+00
121 2.1956307808811148e-02
122 2.5009812781540446e+00
123 -6.5855042232680028e-01
124 2.5380545181493858e-01
125 -9.2690118756203443e-01
126 2.5439811592716910e-01
127 -9.9339303099294896e-01
128 1.8105044083682258e+00
129 9.0003844064882332e-01
130 -1.5209384192390698e+00
131 4.9799019519777465e-01
132 -2.1079884220083631e+00
133 4.7621426082742530e-01
134 1.0121543865357572e+00
135 -9.5033705449429051e-01
136 1.1111577108153130e+00
137 7.2355414846271582e-01
138 8.7373185118413588e-01
139 -3.2403544576939503e-01
140 -1.7508285641569914e+00
141 -7.5033928572206010e-01
142 6.0748770860338908e-01
143 -8.4693789107490947e-01
144 1.3542988600247063e-01
145 1.3154872543207750e+00
146 1.4290128393374644e+00
147 -2.8788278682903023e-01
148 -1.7738167665075779e+00
149 1.0585495036789399e+00
150 -2.3494738459685691e-01
151 -9.4775026040684696e-01
152 8.7900374151902294e-01
153 -1.2195532545263214e-01
154 -1.4814658579504043e+00
155 1.3996964717097973e-01
156 1.7469780800859185e+00
157 1.0908051877151936e+00
158 -9.1630477112690323e-01
159 -1.8635570205367433e+00
160 2.6266471439926409e-01
161 4.0410432888360132e-01
162 1.9555614950499440e+00
163 6.4215896824031193e-01
164 -1.1700991452615008e+00
165 -1.1625218984069934e+00
166 -2.8736089553225472e+00
167 1.5188600001737547e+00
168 1.4682417595724941e+00
169 -2.9810718339232334e-01
170 1.2753770369055089e+00
171 -9.6475222490351745e-02
172 1.5991701992740777e+00
173 -7.4728266477657224e-01
174 -2.2959930069552121e+00
175 -1.0866406558002420e-01
176 -7.8866445817483577e-01
177 1.3914238417727474e+00
178 -1.8352898106307916e-01
179 -5.1557977093784213e-01
180 3.5469659176813551e-01
181 1.0095343983262732e+00
182 1.2277526542435384e+00
183 -1.5842334807119298e+00
184 7.4590209968995458e-01
185 -9.7823157532541538e-01
186 -2.4429680335970447e-01
187 7.1019649730687084e-01
188 -1.3331877516386619e+00
189 7.6714403838906720e-01
190 1.0089127550296713e+00
191 -4.6506666897979010e-01
192 -1.3035962862568438e+00
193 -7.0509524195064788e-02
194 5.5818910196473071e-01
195 9.6343046903595297e-01
196 -5.1150434557829660e-01
197 6.4022686879774093e-01
198 3.0012698067256138e-01
199 -1.7290239134287316e-01
200 -2.0057383423934136e-01
201 -6.4114389050207954e-01
202 9.6273021957776972e-01
203 -1.0619055628326945e+00
204 -1.4649217214428116e+00
205 -6.4529096340021153e-01
206 1.7819879512756021e+00
207 -8.1866626527867442e-02
208 6.5359918801706951e-01
209 5.6181527812919740e-01
210 1.6852349640106903e+00
211 1.4713790985839184e+00
212 -3.3111306332023700e+00
213 -3.8480990461673426e-01
214 -3.0717768108309200e+00
215 8.8191678688820474e-01
216 1.4160064817490461e+00
217 -1.1298820757831272e-01
218 2.9871757525457623e+00
219 -9.0520069231435918e-01
220 -2.0655455278075792e+00
221 -5.8856951034576133e-01
222 1.7073619290231425e+00
223 2.6278856060110495e-01
224 -2.1203179313686932e-01
225 2.2014019247447298e-02
226 5.8171121622976929e-01
227 -5.2486785849421702e-01
228 -1.1588559046561986e+00
229 1.0827741844206500e-01
230 8.5613986247548979e-01
231 9.3842678199924057e-01
232 -1.9600819203752231e+00
233 -1.1581178144337730e-01
234 -2.4872776861817800e-01
235 -7.3523172128728220e-01
236 2.4722538969779575e+00
237 5.8042845407543042e-01
238 -1.0295272460843963e+00
239 2.5900657425505264e-01
240 8.9714178201019568e-01
241 9.7379321075308917e-02
242 -3.7549985850364002e-02
243 -3.4347457533948039e-01
244 -2.8148341855553825e+00
245 -2.8208646530335230e-01
246 1.1262621774189596e+00
247 -4.6559979443028504e-01
248 -2.0855540326997626e-01
249 1.8202725295307962e+00
250 1.5851994234037645e+00
251 -1.2971757690927750e+00
252 -2.8632302037130131e-01
253 4.7674335819203900e-01
254 1.6989147074967863e+00
255 -8.0788089860901058e-01
256 -1.8930223928136409e+00
257 -4.7127669626119462e-01
258 -1.5392583765155115e+00
259 7.8966143394020205e-01
260 1.7118038803381270e+00
261 2.1512916320362113e-01
262 -8.5166982293782323e-01
263 6.7879228435184025e-01
264 1.7321628526799784e+00
265 -1.8260355841605465e+00
266 -8.1442831426723217e-01
267 1.1625547100971943e-01
268 -1.1391715696074367e+00
269 1.0733753042883165e+00
270 1.6252797720385210e+00
271 1.4425070687691890e+00
272 -5.4807307461871480e-01
273 -7.7771348305374666e-01
274 -1.2374324624206465e+00
275 -1.2819677453727213e-01
276 -9.8337812650039502e-01
277 -7.4313956345410026e-01
278 5.5416996837313470e-01
279 2.2890037870910866e-02
280 1.4386797235596527e+00
281 6.4227456053233697e-02
282 1.2832407801917673e+00
283 -3.7018216902562928e-01
284 -6.8372249901226179e-01
285 -6.3909049603682766e-01
286 1.4484450711761476e+00
287 5.2090057233911025e-01
288 4.2955064769947357e-02
289 -5.0645731042096542e-01
290 -2.2497647699986478e+00
291 -3.5358196065937703e-01
292 -1.6083423842084030e+00
293 1.1257792942932776e+00
294 4.9234118351682199e-01
295 1.3634084815898397e+00
296 1.4575694431385413e+00
297 9.0504060198926461e-01
298 -1.8103462217955402e+00
299 -3.9509713995113765e-01
300 2.6443137969667990e-01
301 -7.1191289681828729e-01
302 1.6208558004755997e+00
303 -6.0983641104108921e-01
304 -4.3356427132499809e-01
305 -1.5523360313214916e+00
306 2.0856970967750835e-01
307 6.1557433763569180e-01
308 1.6673778320997954e+00
309 -1.1287909267043743e+00
310 -2.3937805557636246e-01
311 5.2006542270931866e-01
312 -1.4355157282542974e+00
313 1.7314544867668076e+00
314 -1.8655103454559863e+00
315 -1.5790256612857881e-01
316 1.0312936033088973e+00
317 -2.9444787345801537e-01
318 3.1870813783368956e+00
319 -1.2527864413284728e+00
320 -1.2773492733819944e+00
321 1.9458009188225098e+00
322 -6.9110489633280281e-01
323 3.9042690926488649e-01
324 -2.2009686343099890e+00
325 1.0624202330103745e-01
326 -1.0982292825289166e+00
327 -1.8922108219229510e+00
328 9.6148643522167154e-01
329 5.9350377758995287e-01
330 1.9881612708859189e+00
331 2.6843513988898615e-02
332 3.2342236201512633e+00
333 -1.5997581088287097e-01
334 -2.5975756950344207e+00
335 -6.2823490009549077e-01
336 -7.2420302503698164e-01
337 1.2391411438145861e+00
338 5.0982709005413918e-01
339 -3.6848192063568713e-01
340 -1.4354265321035728e+00
341 -1.3329819472144525e-01
342 1.6499327989332779e-01
343 1.0845995676065721e+00
344 -1.3140599755451001e+00
345 -5.4231730807974954e-01
346 1.2780133041404065e+00
347 -1.2821534400213868e+00
348 2.5841215455221938e+00
349 5.0092927368874170e-02
350 1.8583881043839170e-01
351 -7.5004496072385807e-01
352 -2.5014517757897237e-01
353 1.3757171740808258e+00
354 -2.3796325879174236e+00
355 -3.7706202237150077e-01
356 2.0656038271729826e-01
357 6.5214863731478556e-01
358 8.8175176236414887e-01
359 1.2410420808426461e+00
360 -2.9145902981393546e-01
361 -6.9114491054685501e-01
362 -1.7265199006075316e+00
363 2.3785841770792380e-02
364 -1.3818256749212021e+00
365 -8.8697510007922498e-01
366 2.7093783391895174e+00
367 2.3211500545988092e-01
368 -3.6791254115641775e-01
369 -1.0552812619166219e-01
370 1.6729853732599191e+00
371 1.4740373487482268e+00
372 2.7495407499263375e-01
373 -1.2388565086219889e+00
374 -1.2145880198089645e+00
375 -1.0041362651616459e+00
376 1.0954985685663572e+00
377 1.0382364672773869e+00
378 -1.3119805040676826e+00
379 -1.4661223405983341e+00
380 -1.1355231400203023e+00
381 -1.0761686160353259e+00
382 7.9536354663529962e-01
383 1.5736580027415972e+00
384 1.9613667131819650e+00
385 9.1953220543819292e-01
386 1.2058637739810665e-01
387 1.4422490221479656e-01
388 -6.2823731688273776e-01
389 -4.6571202911102011e-01
390 -1.6476723136553817e+00
391 3.3130718084727617e-01
392 4.2031010077342335e-01
393 5.3948578480585507e-01
394 -1.0949249788856648e+00
395 5.6874192651812450e-01
396 -3.3779048670577316e-01
397 -1.3278073284032235e-01
398 2.9570009819027987e-01
399 5.1589534487489219e-01
400 9.8932057787147240e-02
401 -1.6157761203763070e+00
402 1.0964932798626257e+00
403 1.1046978726278235e-01
404 -1.0835450718466042e+00
405 -1.2137990006448902e+00
406 1.8160858041069390e+00
407 9.3160557039406755e-01
408 1.2037461756928476e+00
409 -1.4359203254721442e+00
410 1.1035856597980731e+00
411 7.8384511737605167e-01
412 -2.0056130224336184e+00
413 -1.1005891856177981e+00
414 1.4000945285323718e-01
415 1.7836226023022426e+00
416 2.0730576410914298e-01
417 -3.5103606585024666e-01
418 -9.6082437108048846e-01
419 4.2407817756937860e-01
420 -1.8967183222766271e+00
421 8.3405819596701802e-01
422 -2.5163731770677957e+00
423 -1.2023667010633679e-01
424 2.7208012524662633e+00
425 -8.9088830344391842e-02
426 6.5810729576248161e-01
427 1.2530978268788839e+00
428 3.4572599201566434e+00
429 -9.1750991936957460e-01
430 -1.5082664963402068e+00
431 -1.4794000477614193e+00
432 -6.9843825433950735e-01
433 -8.7721251869383665e-01
434 1.9323399460677343e-01
435 1.4251017847332073e+00
436 -3.3620421793702846e+00
437 2.6208728144866333e-01
438 1.5480869709550229e+00
439 -8.3015039112891353e-01
440 1.6972870060625138e+00
441 -4.6131264727323706e-02
442 1.0065798975095122e+00
443 5.3491885084896518e-01
444 -1.9216221148068475e+00
445 1.1391474780406256e-01
446 -4.4942460062032763e-01
447 1.1467541446938967e+00
448 1.0311193840841182e+00
449 -1.2075948946175299e+00
450 -3.7648826976760821e-02
451 6.1453422728639118e-01
452 -6.5471144977978590e-01
453 -1.0267223918289872e+00
454 8.9763644998048653e-01
455 -7.6205525220841663e-01
456 9.5224833909770024e-01
457 9.0512582313809509e-01
458 -1.8517745120653314e-01
459 6.2894656504476210e-01
460 -9.6357878201877667e-01
461 -1.9338656967741068e+00
462 -1.6049117503681705e+00
463 5.9745548181122121e-01
464 9.6680116867283106e-01
465 1.5163338502393753e-01
466 1.9806342767204380e-01
467 1.2360872858281340e+00
468 2.7994127529138213e-01
469 5.0713333673692274e-01
470 1.2574042459432335e+00
471 1.1816979145425370e+00
472 -2.0314851131640550e+00
473 -8.3988548098630866e-01
474 -9.9265308289547116e-01
475 -7.0475010332979787e-02
476 1.1587199371550561e+00
477 -2.9861681890042802e-01
478 -4.4295881645561941e-01
479 -1.0355927689285525e+00
480 2.8455882253905473e-01
481 -7.7207154313957038e-01
482 -1.6653404473089453e-01
483 4.3777344045288913e-01
484 4.2261323544740895e-02
485 -3.4645487471072905e-01
486 5.8740280173548920e-01
487 6.6004456703612890e-01
488 2.3130066180625186e+00
489 6.9564704501902708e-01
490 4.8244753009421870e-01
491 -1.2932568198856924e+00
492 -1.2676224886979053e+00
493 -8.7059180384809609e-01
494 7.9623502100207377e-01
495 -1.8627170150357095e-01
496 1.0291982354618245e-01
497 3.0435323309128809e-01
498 -3.1130035447577118e+00
499 7.3949146455521708e-01
500 -1.7841716590176744e+00
501 1.6454684645199660e+00
502 2.2184234613132814e+00
503 1.5115967576342433e+00
504 2.3520560771952062e-01
505 -5.9760970773057498e-01
506 -8.1521605359159210e-01
507 -3.2288996464423747e-01
508 -1.9122986636615231e+00
509 -1.7760706171298941e+00
510 1.3816561388807458e+00
511 7.1589123755137563e-01
512 1.4272591738588380e+00
513 4.9732475877275784e-01
514 8.0625649140022848e-01
515 -1.1063101923046901e+00
516 1.7321661241285735e+00
517 7.0033066625248552e-01
518 -1.3510432820540674e+00
519 -8.0895614914662106e-01
520 -1.4063531692587390e+00
521 2.2682825039046847e-01
522 -3.6786665295709953e-01
523 -2.8993463335669567e-01
524 9.5891498514736129e-01
525 -1.1656308138488078e-01
526 -1.1616147877264438e+00
527 -9.3537795688034261e-02
528 -8.5510866103056327e-01
529 -7.7648955334916026e-01
530 3.1225298127288230e+00
531 2.2083369947930753e-01
532 9.1546020189223720e-01
533 -5.0816108685697636e-01
534 -2.0003495744132455e-01
535 1.9081244655617520e+00
536 9.3619039431749251e-01
537 -5.6040308959456409e-01
538 -1.8365702231224097e+00
539 2.6855787529868325e-01
540 -1.8246345767272927e+00
541 1.3371429410009283e+00
542 -2.4689141601428690e+00
543 1.0963713269934161e+00
544 -1.7038532820270749e-01
545 -1.8586178156793614e+00
546 1.3377288435543413e+00
547 2.8937337165754445e-01
548 1.3903101702568974e+00
549 -2.5690931020112573e-01
550 2.2179488004671927e-01
551 -6.7466978250510445e-01
552 7.8470235542796996e-01
553 -4.3887436763053256e-01
554 1.2686483302814247e+00
555 -1.0521449357864787e+00
556 -6.1127760457843150e-01
557 1.3193609961490125e+00
558 -4.3721587235336895e-02
559 6.8725408506283503e-01
560 -6.9579195708002473e-01
561 7.6321556121444989e-01
562 -6.3859352755408480e-02
563 -1.6473949160699091e+00
564 -1.3519412835537326e+00
565 -4.7420635007720785e-01
566 5.7455440147205761e-01
567 1.1030005110266905e+00
568 4.3741819393975601e-01
569 1.6655990541441654e+00
570 9.6689128708506722e-01
571 -1.7101447478480083e+00
572 -1.6293473711055655e+00
573 -7.8361420416300354e-01
574 -1.5958660885414013e+00
575 1.6268601193571278e-01
576 6.1446112742407549e-02
577 1.5175523511024169e+00
578 1.2170003404697136e+00
579 -1.1624487550985081e+00
