1 1.0000000000000000e+00
2 -3.3207777828575685e-01
3 5.4863733848919616e-01
4 -8.8972434916252108e-01
5 -6.5240146509061986e-02
6 -1.8219026843174704e-01
7 1.0335784851083742e+00
8 6.2753546345302180e-01
9 -6.9899707084430562e-01
10 2.1664802912559331e-02
11 -5.6114727073542547e-01
12 -4.8813599891761711e-01
13 1.1360797542075070e+00
14 -3.4322844700839494e-01
15 -3.5793180346110030e-02
16 6.8133376657015221e-01
17 3.7935820219500360e-01
18 2.3212139431751444e-01
19 -1.3934215483295000e+00
20 5.8045746871596103e-02
21 5.6705974928327230e-01
22 1.8634453896334227e-01
23 1.2097230632136542e+00
24 3.4428938647546520e-01
25 -9.9574372336369088e-01
26 -3.7726684074098266e-01
27 -9.3213323102532086e-01
28 -9.1959994495163344e-01
29 -1.7259899837167612e+00
30 1.1886119837341802e-02
31 -5.4745549236795121e-01
32 -8.5379126695443464e-01
33 -3.0786634490004627e-01
34 -1.2597642897079880e-01
35 -6.7430811770855859e-02
36 6.2191471401676779e-01
37 -1.5255596040504020e+00
38 4.6272433196372226e-01
39 6.2329577265437863e-01
40 -4.0940505562577154e-02
41 -5.4573233520032216e-01
42 -1.8830794166075829e-01
43 1.6740288579986212e-01
44 4.9926639023132274e-01
45 4.5602671304684241e-02
46 -4.0172214720446936e-01
47 -4.1826513982238245e-01
48 3.7380514434015349e-01
49 6.8284484820494651e-02
50 3.3066436336201277e-01
51 2.0813007438824496e-01
52 -1.0107978198063068e+00
53 1.2907158923424045e-01
54 3.0954073242512359e-01
55 3.6609330145231170e-02
56 6.4860715365367350e-01
57 -7.6448308957222655e-01
58 5.7316291913198147e-01
59 -1.2591820822961242e+00
60 3.1846064081224985e-02
61 1.4028415384006587e+00
62 1.8179780363394984e-01
63 -7.2246833353508477e-01
64 -3.9780865960205969e-01
65 -7.4118009595749518e-02
66 1.0223557188863538e-01
67 4.8643038360777097e-01
68 -3.3752422959734735e-01
69 6.6369924167037142e-01
70 2.2392274160707226e-02
71 -7.7049364706633117e-01
72 -4.3864545080365475e-01
73 3.5479684909710674e-01
74 5.0660444396392146e-01
75 -5.4630218617240633e-01
76 1.2397610801287238e+00
77 -5.7998974598858233e-01
78 -2.0698267538339532e-01
79 -5.8383293147223103e-01
80 -4.4450314755535687e-02
81 1.8759397588694465e-01
82 1.8122558144981057e-01
83 9.8439576795571038e-01
84 -5.0452686623674858e-01
85 -2.4749384691288526e-02
86 -5.5590778405197411e-02
87 -9.4694255087525647e-01
88 -3.5213981261435578e-01
89 1.0959483103166550e+00
90 -1.5143633734458149e-02
91 1.1742275912668532e+00
92 -1.0763200650995401e+00
93 -3.0035452425150733e-01
94 1.3889655836032966e-01
95 9.0907025930054397e-02
96 -4.6842176830111909e-01
97 7.0284795328186397e-03
98 -2.2675760016662657e-02
99 3.9224029856601861e-01
100 8.8593743611113340e-01
101 -1.1864482433357607e-01
102 -6.9115372688376003e-02
103 -1.6558883041463339e+00
104 7.1293033507222259e-01
105 -3.6995061109967212e-02
106 -4.2861806597265996e-02
107 -1.1304122748965725e-01
108 8.2934163213228451e-01
109 4.0912964029147181e-01
110 -1.2157145008369206e-02
111 -8.3697896084956580e-01
112 7.0421192238217423e-01
113 -1.6326853980870442e+00
114 2.5386784593309708e-01
115 -7.8922509853895512e-02
116 1.5356553149272794e+00
117 -7.9411642043308694e-01
118 4.1814638834120993e-01
119 3.9209647589963748e-01
120 -2.2461489995651226e-02
121 -6.8511374053702301e-01
122 -4.6585250136678558e-01
123 -2.9940913592060553e-01
124 4.8708448163824408e-01
125 1.3020261287644752e-01
126 2.3991567909613870e-01
127 -6.0488019762892542e-01
128 9.8589468283975557e-01
129 9.1843473678613008e-02
130 2.4612943730927768e-02
131 -2.6802409011378930e-01
132 2.7391618354847186e-01
133 -1.4402105329185311e+00
134 -1.6153272107007088e-01
135 6.0812508531811166e-02
136 2.3806072522827046e-01
137 1.7203844124018608e+00
138 -2.2039976963950908e-01
139 -4.7643805773059272e-01
140 5.9994835115974900e-02
141 -2.2947587312537404e-01
142 2.5586381861497087e-01
143 -6.3750805341168160e-01
144 -4.7625030715237471e-01
145 1.1260383935228824e-01
146 -1.1782014936937782e-01
147 3.7463418022352826e-02
148 1.3573275258360114e+00
149 -7.9080311882415738e-02
150 1.8141481623965336e-01
151 1.2394412980921539e-02
152 -8.7442143706741338e-01
153 -2.6517027212852251e-01
154 1.9260170629100107e-01
155 3.5716076506723753e-02
156 -5.5456142565282995e-01
157 1.7911137560176685e-01
158 1.9387794277620288e-01
159 7.0813493210223816e-02
160 5.5701467324621209e-02
161 1.2503437310588670e+00
162 -6.2295790721641167e-02
163 -1.1148048292139179e+00
164 4.8555134675838957e-01
165 2.0085245448030805e-02
166 -3.2689595958565448e-01
167 -1.3408064092291911e+00
168 3.5585010249870669e-01
169 2.9067720788941176e-01
170 8.2187206900439427e-03
171 9.7399758073295351e-01
172 -1.4894242382747508e-01
173 8.7319328607121460e-01
174 3.1445857851771780e-01
175 -1.0291792890287792e+00
176 -3.8232858362754629e-01
177 -6.9083430627854536e-01
178 -3.6394008001434131e-01
179 1.1769396936461871e+00
180 -4.0573807043669863e-02
181 -6.7915382397650026e-01
182 -3.8993488971522239e-01
183 7.6965124791685269e-01
184 7.5914412314096302e-01
185 9.9527732054017576e-02
186 9.9741063124560811e-02
187 -2.1287581978500322e-01
188 3.7214067927795630e-01
189 -9.6343285279749324e-01
190 -3.0188203217833939e-02
191 -8.7044911609444475e-01
192 -2.1825268421726268e-01
193 1.1053285924916092e+00
194 -2.3340018861730811e-03
195 -4.0663907517894941e-02
196 -6.0754368807784440e-02
197 9.9549297065229553e-02
198 -1.3025428689767521e-01
199 1.5386973797037757e+00
200 -6.2486449888283213e-01
201 2.6687387099770465e-01
202 3.9399309676330645e-02
203 -1.7839461126186380e+00
204 -1.8517839497079477e-01
205 3.5603657488185544e-02
206 5.4988370913620510e-01
207 -8.4559287769693570e-01
208 7.7404949817929725e-01
209 7.8191469855237972e-01
210 1.2285237688387570e-02
211 6.3531912767426657e-01
212 -1.1483813573605071e-01
213 -4.2272158384058284e-01
214 3.7538479674640093e-02
215 -1.0921388794842871e-02
216 -5.8494665912696420e-01
217 -5.6583821843870530e-01
218 -1.3586286197939512e-01
219 1.9465479897829432e-01
220 -3.2572212437024649e-02
221 4.3098117309103051e-01
222 2.7794211379922984e-01
223 3.2976230382012794e-01
224 -8.8246028428440004e-01
225 6.9602194587553301e-01
226 5.4217853965702967e-01
227 -1.1503052036321360e-01
228 6.8017921937268611e-01
229 -1.0572578773296732e+00
230 2.6208411551706452e-02
231 -3.1820403064007996e-01
232 -1.0831199242927927e+00
233 2.3781377595245835e-02
234 2.6370841660172684e-01
235 2.7287678992611683e-02
236 1.1203249586506323e+00
237 -3.2031254562930428e-01
238 -1.3020652660345147e-01
239 9.8683814340995379e-01
240 -2.4387102383679450e-02
241 -6.8848607854854293e-01
242 2.2751104883616327e-01
243 1.0350542906510509e+00
244 -1.2481422747312798e+00
245 -4.4548897841634209e-03
246 9.9427120659130258e-02
247 -1.5830380100140793e+00
248 -3.4354773613155820e-01
249 5.4007627415104897e-01
250 -4.3237394422255770e-02
251 1.6328050702172667e+00
252 6.4279766786786130e-01
253 -6.7883279529584406e-01
254 2.0086727213596101e-01
255 -1.3578435945980460e-02
256 7.0414943543937653e-02
257 3.2460168934729708e-02
258 -3.0499176716901728e-02
259 -1.5767855844575287e+00
260 6.5944597841766511e-02
261 1.2064619429037731e+00
262 8.9004844378816603e-02
263 -1.2639318201869589e+00
264 -1.9319704954863348e-01
265 -8.4206493913166185e-03
266 4.7826191404272073e-01
267 6.0127816404975565e-01
268 -4.3278895646383281e-01
269 1.6227290131490251e+00
270 -2.0194482731290639e-02
271 -1.2218963343711016e+00
272 2.5846955282071654e-01
273 6.4422510043674275e-01
274 -5.7130143347946771e-01
275 5.5875887266859825e-01
276 -5.9050937585069174e-01
277 -1.7234313350844406e+00
278 1.5821449168773427e-01
279 3.8266978558778425e-01
280 -4.2315225681060088e-02
281 3.5097802093446467e-01
282 7.6203838109247149e-02
283 5.5137424420728132e-01
284 6.8552695866196423e-01
285 4.9874988782543268e-02
286 2.1170225800410211e-01
287 -5.6405720025636585e-01
288 5.9679759474739547e-01
289 -8.5608735441781114e-01
290 -3.7393232821183370e-02
291 3.8560862926355177e-03
292 -3.1567139563565672e-01
293 -4.5113042270372977e-01
294 -1.2440768613755957e-02
295 8.2149223516450293e-02
296 -9.5734275316007167e-01
297 5.2306401854659390e-01
298 2.6260814269412392e-02
299 1.3743418803054224e+00
300 4.8605835701238004e-01
301 1.7302402113208462e-01
302 -4.1159091301829504e-03
303 -6.5092980639564771e-02
304 -9.4938515202105123e-01
305 -9.1521587468932394e-02
306 8.8057154838687438e-02
307 -1.3960050249090336e-01
308 5.1603099928548890e-01
309 -9.0848215201192184e-01
310 -1.1860515337834325e-02
311 1.7481730230883349e-01
312 3.9114020155540502e-01
313 -1.1184585455813156e+00
314 -5.9478907605488747e-02
315 4.7133940242288369e-02
316 5.1945037498296909e-01
317 9.0411239161700685e-01
318 -2.3515587468934451e-02
319 9.6853456864262966e-01
320 2.5953095236907638e-02
321 -6.2018638204653379e-02
322 -4.1521136831582317e-01
323 -5.2860589344151243e-01
324 -1.6690692808336074e-01
325 -1.1312442843812842e+00
326 3.7020191090849286e-01
327 2.2446379693440036e-01
328 -3.4246639390203992e-01
329 -4.3230984958033014e-01
330 -6.6698636815084754e-03
331 1.0661708533206147e+00
332 -8.7584088398555215e-01
333 1.0663616946230745e+00
334 4.4525201348719418e-01
335 -3.1734789486840227e-02
336 3.8635695481238524e-01
337 2.7436033860491538e-01
338 -9.6527441396199815e-02
339 -8.9575217136564689e-01
340 2.2020130185514849e-02
341 3.0720315540099880e-01
342 -3.2344295264567841e-01
343 -9.6300111069428540e-01
344 1.0505124753720887e-01
345 -4.3299835782826278e-02
346 -2.8996808646735867e-01
347 9.6063229858073418e-02
348 8.4251784477346192e-01
349 -2.8760838184482523e-01
350 3.4176757177538580e-01
351 -1.0589776920025189e+00
352 4.7910263925810931e-01
353 1.8069207524623936e+00
354 2.2941072140872443e-01
355 5.0267118395187479e-02
356 -9.7509189706519028e-01
357 2.1511876698634302e-01
358 -3.9083551861463900e-01
359 -1.0885948179027263e+00
360 2.8617293457823635e-02
361 9.4162361112457349e-01
362 2.2553189298126072e-01
363 -3.7587897917491159e-01
364 -1.0447388794077133e+00
365 -2.3146998409121530e-02
366 -2.5558407646118686e-01
367 -4.3495052178059877e-03
368 8.2422517128828232e-01
369 3.8146530376743110e-01
370 -3.3050948140888867e-02
371 1.3340561768215964e-01
372 2.6723273361541355e-01
373 1.3080587132040722e+00
374 7.0691329293087357e-02
375 7.1434014983155131e-02
376 -2.6247620837057806e-01
377 -1.9608622764208266e+00
378 3.1993464129358756e-01
379 -8.2737417187302209e-01
380 -8.0882194486197295e-02
381 -3.3185986171326598e-01
382 2.8905680859256477e-01
383 4.9287228550078738e-01
384 5.4089863480972933e-01
385 3.7838615989918396e-02
386 -3.6705506330004717e-01
387 -1.1701412682881687e-01
388 -6.2534093935487298e-03
389 9.0049339456732946e-01
390 1.3503580074347578e-02
391 4.5891836640164341e-01
392 4.2850935824716808e-02
393 -1.4704802351357341e-01
394 -3.3058109359380507e-02
395 3.8089346022506070e-02
396 -3.4898574432141627e-01
397 -1.3364311654993381e-02
398 -5.1096720733287326e-01
399 -7.9015327408365721e-01
400 -6.7843382139018793e-01
401 1.2975117400039595e+00
402 -8.8622882187398694e-02
403 -6.2195310115796043e-01
404 1.0556118910408835e-01
405 -1.2238658489881591e-02
406 5.9240886167384010e-01
407 8.5606360816422267e-01
408 1.3060900269090067e-01
409 -1.0184973290038291e+00
410 -1.1823183475857925e-02
411 9.4386712515548299e-01
412 1.4732841436971738e+00
413 -1.3014635090589890e+00
414 2.8080260417463859e-01
415 -6.4222124109701920e-02
416 -9.6997497270608213e-01
417 -2.6139170793035693e-01
418 -2.5965649598622309e-01
419 -1.5797727353008387e-01
420 3.2915406667712858e-02
421 -2.4076476586821727e-01
422 -2.1097536441744072e-01
423 2.9236610756275366e-01
424 8.0996999578722584e-02
425 -3.7774354871758703e-01
426 1.4037644439769720e-01
427 1.4499468320628934e+00
428 1.0057553254951902e-01
429 -3.4976072167121897e-01
430 3.6267505258250612e-03
431 1.9200555475899994e+00
432 -6.3509384531678570e-01
433 -9.1874247836002543e-01
434 1.8790229846095433e-01
435 6.1778670734634229e-02
436 -3.6401260293744664e-01
437 -1.6856541837153898e+00
438 -6.4640533178249887e-02
439 2.8847332168239143e-01
440 2.2973652969440914e-02
441 -4.7730654873042018e-02
442 -1.4311927044551490e-01
443 6.6313101993491208e-01
444 7.4468056120667214e-01
445 -7.1499828288591444e-02
446 -1.0950673323303940e-01
447 -4.3386411843139447e-02
448 -4.1116647174754634e-01
449 1.8943325302341482e-01
450 -2.3113342142997914e-01
451 3.0623621043078003e-01
452 1.4526399532102812e+00
453 6.8000378034783369e-03
454 3.8199079650124389e-02
455 -7.6606780078231698e-02
456 -4.7974024994157327e-01
457 -1.4128196497307064e+00
458 3.5109184693880219e-01
459 -3.5361238676552936e-01
460 7.0219278609115185e-02
461 -1.1961331834360054e+00
462 1.0566848734693610e-01
463 1.7418801638707213e+00
464 -1.1759752567992479e+00
465 1.9595173248223453e-02
466 -7.8972670613731682e-03
467 6.7844398235567771e-01
468 7.0654471532987406e-01
469 5.0276397898814196e-01
470 -9.0616318322771280e-03
471 9.8267188415932794e-02
472 -7.9018141160000066e-01
473 -9.3937672489034243e-02
474 1.0636867852623032e-01
475 1.3874907605572997e+00
476 -3.4885778184881061e-01
477 -9.0220662802944121e-02
478 -3.2770701818658077e-01
479 -1.2197440330960625e+00
480 3.0559904790908272e-02
481 -1.7331573799856181e+00
482 2.2863092735118828e-01
483 6.8598525677467326e-01
484 6.0956237690929060e-01
485 -4.5853904359220872e-04
486 -3.4371852926079349e-01
487 4.0668976513357707e-01
488 8.8033281494657656e-01
489 -6.1162355440523763e-01
490 1.4793699147630261e-03
491 1.2979923582675279e+00
492 2.6639159856960720e-01
493 -6.5476845722721677e-01
494 5.2569174531582674e-01
495 -2.5589814544770266e-02
496 -3.7299991269160149e-01
497 -7.9636565649759739e-01
498 -1.7934732922890070e-01
499 5.5070111080772655e-01
500 -1.1584443500494994e-01
501 -7.3561645974356793e-01
502 -5.4221828009351325e-01
503 4.6300906055496421e-01
504 -4.5337450051659950e-01
505 7.7404057117347333e-03
506 2.2542528648568697e-01
507 1.5947636966651643e-01
508 5.3817664016681044e-01
509 -1.1237070465710884e-01
510 4.5090970474442622e-03
511 3.6671038978069387e-01
512 -1.0092779208864175e+00
513 1.2988545299296987e+00
514 -1.0779300787414599e-02
515 1.0803039554904592e-01
516 -8.1715374886234357e-02
517 2.3470834166873925e-01
518 5.2361545372101592e-01
519 4.7906644045220215e-01
520 -4.6511679505859334e-02
521 -9.4583769290030473e-01
522 -4.0063920158942667e-01
523 -1.5445320146712991e+00
524 2.3846755912366002e-01
525 -5.6464618594767979e-01
526 4.1972367077780948e-01
527 -2.0768173136665577e-01
528 -2.0975973653756919e-01
529 4.6342988971303078e-01
530 2.7963105468410600e-03
531 8.8016458716472479e-01
532 1.2813903790618242e+00
533 -6.1999545723259319e-01
534 -1.9967111687271402e-01
535 7.3748262395297130e-03
536 3.0525231620498955e-01
537 6.4571306104567905e-01
538 -5.3887224545436763e-01
539 -3.8317652280400821e-02
540 -5.4106369575211172e-02
541 -8.6628078581918094e-02
542 4.0576462002975522e-01
543 -3.7260914638602727e-01
544 -3.2389272008425063e-01
545 -2.6691677664712914e-02
546 -2.1393284006662247e-01
547 -3.7478200129099457e-02
548 -1.5306679016469598e+00
549 -9.8058212618061813e-01
550 -1.8555140505623602e-01
551 2.4050316353518690e+00
552 4.1649481123518323e-01
553 -6.0343715684475874e-01
554 5.7231324879159662e-01
555 5.4604630018696268e-02
556 4.2389854084231954e-01
557 2.0242032623460440e-01
558 -1.2707613220788619e-01
559 1.9018302937500081e-01
560 -4.5942888982201183e-02
561 -1.1679162320111366e-01
562 -1.1655200141379234e-01
563 -1.7043968962353293e-01
564 2.0417027182979813e-01
565 1.0651663454604939e-01
566 -1.8309913428598051e-01
567 1.9389309739874067e-01
568 -4.8351208789275180e-01
569 -1.0107544281586927e+00
570 -1.6562375464491914e-02
571 4.7916953123934229e-02
572 5.6720643790165104e-01
573 -4.7756088635299726e-01
574 1.8731086188981147e-01
575 -1.2045741471008722e+00
576 2.7806708781313472e-01
577 6.5021506700861254e-01
578 2.8428758668468318e-01
579 6.0642453709978272e-01
580 -1.0018637771122184e-01
581 1.0174502865819912e+00
582 -1.2805205648489808e-03
583 -7.2428170021347313e-02
584 2.2264760512267753e-01
585 5.1808271618981265e-02
586 1.4981038849179790e-01
587 -1.0858796882355495e+00
588 -3.3332115199797480e-02
589 7.6283627975059054e-01
590 -2.7279931648652070e-02
591 5.4616461391894154e-02
592 -1.0394152712940898e+00
593 -1.7015591493383198e+00
594 -1.7369793717090196e-01
595 -2.5580431517097671e-02
596 7.0359679015486357e-02
597 8.4418683510948023e-01
598 -4.5638839824522465e-01
599 1.4559211596383117e+00
600 -3.4282399559287918e-01
601 1.0306271628450483e+00
602 -5.7457432519975316e-02
603 -3.4001341332527163e-01
604 -1.1027611007747974e-02
605 4.4696920793995690e-02
606 2.1615932422944798e-02
607 1.8953225276267338e-01
608 1.1896911491044204e+00
609 -9.7873944721698325e-01
610 3.0392285420911366e-02
611 -4.7518255725605624e-01
612 2.3592844778221719e-01
613 -3.9100834482129576e-01
614 4.6358224730260654e-02
615 1.9533495945903413e-02
616 -3.6396413405507083e-01
617 1.1509259244385724e-01
618 3.0168673461024254e-01
619 -1.3562724527797119e+00
620 -3.1777462972515692e-02
621 -1.1276230675585546e+00
622 -5.8052941309138018e-02
623 1.1327485942782212e+00
624 4.2467245654137692e-01
625 9.8724928577081972e-01
626 3.7141522891614781e-01
627 4.2898759921407414e-01
628 -1.5935975215237033e-01
629 -5.7873354874299854e-01
630 -1.5652134072809878e-02
631 5.7503655417867339e-01
632 -3.6637586921985554e-01
633 3.4855979531335263e-01
634 -3.0023563437600292e-01
635 3.9462472728181347e-02
636 -6.3004489151180024e-02
637 7.7576620725652662e-02
638 -3.2162880772660624e-01
639 5.3857280236293792e-01
640 -6.4319913536993845e-02
641 -1.1251730668152868e+00
642 2.0595011613783219e-02
643 4.1090297366399176e-03
644 -1.1124612623376393e+00
645 -5.9918816598649761e-03
646 1.7553827071537123e-01
647 -4.3809027767884540e-01
648 1.1772187254938665e-01
649 7.0658658880008374e-01
650 3.7566108859559633e-01
651 -3.1043997412911911e-01
652 9.9186900114095455e-01
653 1.4283368602398536e+00
654 -7.4539438934553448e-02
655 1.7485930943217005e-02
656 -3.7182586755082453e-01
657 -2.4800195836718134e-01
658 1.4356049435644908e-01
659 4.6051530518608946e-01
660 -1.7870331953628246e-02
661 -1.7137721560541539e+00
662 -3.5405164823656005e-01
663 2.3645236371393852e-01
664 6.1774325450754097e-01
665 9.3959546200195906e-02
666 -3.5411502241451620e-01
667 -2.0879698902634085e+00
668 1.1929481097677357e+00
669 1.8091991274158697e-01
670 1.0538418329851171e-02
671 -7.8720070057222369e-01
672 -4.8415066156737635e-01
673 1.6856943645390847e+00
674 -9.1108971596608690e-02
675 9.2816581403852672e-01
676 -2.5862258962432899e-01
677 -1.5749914986911756e-01
678 2.9745939083774792e-01
679 7.2644852663620585e-03
680 -1.5531116705279065e-02
681 -6.3110038423283568e-02
682 -1.0201534121530330e-01
683 1.3539432599493524e+00
684 -8.6658936352679827e-01
685 -1.1223813107811140e-01
686 3.1979126921672785e-01
687 -5.8005114799451196e-01
688 1.1405723883478991e-01
689 1.4663561912367257e-01
690 1.4378913454146392e-02
691 -9.7257057688429382e-01
692 -7.7690132791514899e-01
693 4.0541113358354253e-01
694 -3.1900464237185545e-02
695 3.1082888826348670e-02
696 -5.9424003293340777e-01
697 -2.0702803741763418e-01
698 9.5508352696633450e-02
699 1.3047351827930513e-02
700 9.1568587301442839e-01
701 -7.4794983805694026e-01
702 3.5166295917660595e-01
703 2.1257476252914858e+00
704 2.2322924378468439e-01
705 1.4971039641854932e-02
706 -6.0003822883614866e-01
707 -1.2262873824313877e-01
708 6.1465210367942014e-01
709 -1.2178476502870039e+00
710 -1.6692593277121640e-02
711 4.0809750934379663e-01
712 6.8774643084807396e-01
713 -6.6226953484822115e-01
714 -7.1436162263745773e-02
715 4.1591118919378882e-02
716 -1.0471519033358703e+00
717 5.4141625229937362e-01
718 3.6149814827365612e-01
719 -7.3661034774928280e-01
720 3.1070640048788359e-02
721 -1.7114905244697491e+00
722 -3.1269227646821729e-01
723 -3.7772917058168165e-01
724 6.0425969472313457e-01
725 1.7186436922307111e+00
726 1.2482105619991470e-01
727 -1.4168571985475628e-01
728 7.3686945556395056e-01
729 3.8027545581922623e-01
730 7.6866034247636515e-03
731 6.3505659069827344e-02
732 -6.8477745610273799e-01
733 1.8167181196722559e+00
734 1.4443741119721043e-03
735 -2.4441187555410706e-03
736 -1.0328509872673701e+00
737 -2.7295908219105575e-01
738 -1.2667614948336958e-01
739 -8.4364262878723972e-01
740 -8.8552247100256554e-02
741 -8.6851376093615862e-01
742 -4.4301039705618279e-02
743 1.8816903904334563e+00
744 -1.8848311563947634e-01
745 5.1592119577949201e-03
746 -4.3437723409406842e-01
747 -6.8808975836658282e-01
748 1.8940080063563197e-01
749 -1.1683698065234370e-01
750 -2.3721647624647933e-02
751 -9.4837539305011154e-01
752 -2.8497816157883077e-01
753 8.9581782670024679e-01
754 6.5115878598775401e-01
755 -8.0861439281049846e-04
756 8.5718966717190126e-01
757 4.2849079346104851e-01
758 2.7475258060650065e-01
759 -3.7243301847903737e-01
760 5.7047382381693955e-02
761 -4.8444674531533999e-01
762 1.1020328099939455e-01
763 4.2286759360500736e-01
764 7.7445977339894911e-01
765 1.7299750626283226e-02
766 -1.6367193313047246e-01
767 -1.4305312715740752e+00
768 3.8632269751098160e-02
769 -3.4097629045463623e-01
770 -1.2565363665438587e-02
771 1.7808862454307888e-02
772 -9.8343776310754072e-01
773 -3.3471300283405628e-02
774 3.8857797254294064e-02
775 5.4512537307602182e-01
776 4.4106184675612482e-03
777 -8.6508344678401150e-01
778 -2.9903385003110450e-01
779 7.6043519925859515e-01
780 3.6179659611626891e-02
781 4.3236041736949654e-01
782 -1.5239658995264885e-01
783 1.6088526165319348e+00
784 4.6524529941595220e-02
785 -1.1685260160186575e-02
786 4.8831382547361225e-02
787 9.1652471768397026e-01
788 -8.8571424835875906e-02
789 -6.9344018858209178e-01
790 -1.2648622509105771e-02
791 -1.6875084986044515e+00
792 2.4614469357582938e-01
793 1.5937398645854299e+00
794 4.4379848620120571e-03
795 -4.6198730242489770e-03
796 -1.3690165326388106e+00
797 -7.9373091194029322e-01
798 2.6239233987332727e-01
799 -1.5867231989653369e-01
800 8.5015728821456338e-01
801 -7.6606466585092081e-01
802 -4.3087480043325382e-01
803 -1.9909328840090088e-01
804 -2.3744415914440153e-01
805 -8.1572615790565545e-02
806 2.0653678077687129e-01
807 8.9028972009750074e-01
808 -7.4453817004239739e-02
809 8.5723252115198401e-01
810 4.0641986643855828e-03
811 1.4727886819147419e-02
812 1.5872202785679606e+00
813 -6.7037795161812763e-01
814 -2.8427973260392980e-01
815 7.2730059741024797e-02
816 1.4180601541873081e-01
817 -2.3326278065471207e-01
818 3.3822037909444425e-01
819 -8.2078167169533045e-01
820 -3.1677429200436404e-02
821 1.4054060392869419e-01
822 -3.1343730328729918e-01
823 7.3958990024171806e-02
824 -1.0391286304736402e+00
825 3.0655599606907707e-01
826 4.3218713876969178e-01
827 3.8455802625247351e-02
828 7.5234456422282503e-01
829 -7.4362791460922406e-01
830 2.1326671433261998e-02
831 -9.4553874276461769e-01
832 -4.5194241581858680e-01
833 2.5904264171909337e-02
834 8.6802477441394146e-02
835 8.7474399305091710e-02
836 -6.9568846707851872e-01
837 5.1030138679240566e-01
838 5.2460673344584034e-02
839 1.2211095111482220e+00
840 -2.3215724417584158e-02
841 1.9790415780653055e+00
842 7.9952651298395044e-02
843 1.9255967208489888e-01
844 -5.6525887506599792e-01
845 -1.8963908561164883e-02
846 -9.7088458011166320e-02
847 -7.0811877469045204e-01
848 8.7940912175165212e-02
849 3.0250456032901929e-01
850 1.2544028622667638e-01
851 -1.8455046673037987e+00
852 3.7610571908988399e-01
853 1.5424112159018141e-01
854 -4.8149498541729419e-01
855 -6.3543759044274631e-02
856 -7.0937493490646389e-02
857 -9.2791651119112917e-01
858 1.1614778407680078e-01
859 8.3524038661480893e-01
860 9.7168710127653254e-03
861 -3.0946276019835506e-01
862 -6.3760774138005061e-01
863 6.1939854521135795e-01
864 7.9584707734902482e-01
865 -5.6967208016313539e-02
866 3.0509370144085635e-01
867 -4.6968155843743042e-01
868 5.0344033967753066e-01
869 3.2761591298902015e-01
870 -2.0514661061176491e-02
871 5.5262342297839206e-01
872 2.5674344055645754e-01
873 -4.9128640469681501e-03
874 5.5976799290752566e-01
875 1.3457478612716461e-01
876 -1.7318965888118740e-01
877 -1.3621070882850086e+00
878 -9.5795748214299245e-02
879 -2.4750667245110877e-01
880 2.4943588441932216e-02
881 -5.3422991986307866e-01
882 1.5849377624635140e-02
883 2.8025805922006014e-01
884 -3.8345429052514063e-01
885 4.5069239956739574e-02
886 -2.2020980187600350e-01
887 7.4940459803216253e-01
888 -5.2523290049379623e-01
889 -6.2519176872742188e-01
890 2.3742424585806925e-02
891 -1.0526731216833805e-01
892 -2.9339892317172350e-01
893 5.8282012497648095e-01
894 1.4408476812612897e-02
895 -7.6782979511943086e-02
896 1.0189992364484493e+00
897 7.5401513714066459e-01
898 -6.2907875203729091e-02
899 9.4490253882087272e-01
900 -6.1926738342197796e-01
901 4.8965384151359356e-02
902 -1.0169244002043901e-01
903 9.4926001063599927e-02
904 -1.0245673782752065e+00
905 4.4304694277460872e-02
906 -2.2586182676952267e-03
907 1.2383832409339677e+00
908 1.0234540514559066e-01
909 8.2935029159167728e-02
910 2.5439813520287319e-02
911 -1.7590720129288608e+00
912 -5.2087109399158760e-01
913 -5.5239047457034562e-01
914 4.6916563751588142e-01
915 -5.0214204241002390e-02
916 9.4066657081551952e-01
917 -2.7702072710769310e-01
918 1.1743003215684089e-01
919 -1.4642715912314557e+00
920 -4.9519930574718922e-02
921 -7.6594837633304172e-02
922 3.9720543904644368e-01
923 -8.7534431226143083e-01
924 2.8311298533125084e-01
925 1.5190709596162892e+00
926 -5.7844552462727428e-01
927 1.1574711434172553e+00
928 1.4736357349777438e+00
929 2.0039505102489391e-01
930 -6.5038267570712311e-03
931 -9.5150043651289540e-02
932 -2.1159647559699190e-02
933 9.5909107028878796e-02
934 -2.2529646988500501e-01
935 1.3882361619502404e-02
936 -4.9833454923737980e-01
937 -1.3479225443431653e+00
938 -1.6694627733418022e-01
939 -6.1362386935932922e-01
940 -2.4274322761627280e-02
941 1.3541931525108968e+00
942 -3.2660176183428688e-02
943 -6.6019074755414897e-01
944 -8.5794081627738694e-01
945 6.2856313455527599e-02
946 3.1225983646263600e-02
947 6.4446062397101309e-02
948 2.8499647882904788e-01
949 4.0306172842334936e-01
950 -4.6076540249659664e-01
951 4.9600790324282773e-01
952 2.4604088600743365e-01
953 -5.1713766959279339e-01
954 3.0002312845673867e-02
955 5.6775884019486113e-02
956 -8.7800159266886724e-01
957 5.3140388544176498e-01
958 4.0501385393495509e-01
959 1.7781615007319849e+00
960 1.4211572193660604e-02
961 -7.0027226650843433e-01
962 5.7550771505728970e-01
963 7.9027390394953642e-02
964 6.1261193446019258e-01
965 -7.2145584316539516e-02
966 -2.2779944691316992e-01
967 -9.3027940547493093e-01
968 -4.2990097102740177e-01
969 -2.9005765625977631e-01
970 1.9908984070265596e-04
971 6.7037648909043213e-01
972 -9.2092524564728739e-01
973 -4.9244007553352864e-01
974 -1.3509150574495865e-01
975 -6.2059908225120564e-01
976 9.5571536275961688e-01
977 1.8919281631694096e-01
978 2.0310628263468766e-01
979 -6.1495408796426321e-01
980 4.0072672000975532e-03
981 -2.8615671797809072e-01
982 -4.3110226766614690e-01
983 7.6810863260508844e-01
984 -1.8779941186523028e-01
985 -6.4074905224768388e-03
986 2.1757900306335082e-01
987 -2.3712201186363194e-01
988 1.4083714843665180e+00
989 2.0228961632187581e-01
990 8.5527921183462113e-03
991 9.1149668987856401e-03
992 4.6727178760694105e-01
993 5.8519878617471244e-01
994 2.6435458631027053e-01
995 -1.0043242327834684e-01
996 -4.8050795045197031e-01
997 -1.3953638808488005e+00
998 -1.8274509614355897e-01
999 1.4217984735478302e+00
1000 8.1861158633532924e-02
1001 -6.5901982337717757e-01
1002 2.4391807092100123e-01
1003 -4.7783789675648913e-01
1004 -1.4524335318929178e+00
1005 -1.7486515322777528e-02
1006 -1.5330096725175665e-01
1007 -1.7946187862362470e-01
1008 -4.9244127160680357e-01
1009 5.2097446417109916e-01
1010 -3.4241520880529384e-03
1011 1.5073149681915701e-01
1012 6.0358390082678159e-01
1013 -3.3950599941712101e-01
1014 -5.2085063854446376e-02
1015 1.1623175593626989e-01
1016 -3.7881110342903290e-01
1017 1.1410259617429641e+00
1018 3.7030922169879472e-02
1019 5.1877481173863860e-01
1020 1.1525406183978180e-02
1021 8.4110676679961360e-01
1022 -1.2169616122739671e-01
1023 1.6996378730525949e-01
1024 2.6566358547448710e-01
1025 5.4402383117364483e-01
1026 -4.3251015637782281e-01
1027 -6.6339341940585206e-01
1028 -3.0806193524134540e-02
1029 -5.2857132005552188e-01
1030 -3.3930489058746773e-02
1031 -9.6827931664724187e-01
1032 5.8626644575184399e-02
1033 -7.3172092872320704e-01
1034 -7.7300978158731048e-02
1035 5.3947143381909798e-02
1036 1.4022057417958931e+00
1037 5.3436883293588733e-01
1038 -1.5934065254448662e-01
1039 -1.2247963613844597e+00
1040 -5.0444458103695883e-02
1041 5.1806524765148583e-02
1042 3.1163675108539801e-01
1043 -7.9556937552243162e-02
1044 -1.0725618737711209e+00
1045 -4.8130468404010543e-02
1046 5.1288068327573055e-01
1047 -1.5869129171761587e-01
1048 -1.6869392666432625e-01
1049 5.3398411997957862e-01
1050 1.9064421426189679e-01
1051 2.4606555719307796e-01
1052 1.1279613362329413e+00
1053 2.1537042743622803e-01
1054 6.7160372741925767e-02
1055 -4.1519241905296198e-02
1056 2.6289786510145097e-01
1057 1.3961806490725820e-02
1058 -1.5842906646415936e-01
1059 9.9358852070398984e-01
1060 2.5090841579180389e-03
1061 -6.2293557006514944e-01
1062 -2.9480722925878372e-01
1063 -5.3770726599352736e-01
1064 -8.9841797925705247e-01
1065 1.4767462067958070e-02
1066 2.1813396882245281e-01
1067 -1.2425443797961270e-02
1068 -5.3511125066096876e-01
1069 -1.4006643796188374e+00
1070 -4.0978159272749741e-03
1071 -2.7308740119937047e-01
1072 3.1782976082019532e-01
1073 2.6446502826648852e+00
1074 -2.0631675917980363e-01
1075 -1.6266361883001973e-01
1076 -1.4413091901694792e+00
1077 -5.9019288821548832e-01
1078 -9.5108953278641717e-03
1079 1.1059803733528213e+00
1080 3.2837835606251718e-02
1081 -5.1370346112724741e-01
1082 5.7300096726924168e-02
1083 5.2925124783677324e-01
1084 1.1248292472930748e+00
1085 2.4546837166464611e-02
1086 8.7572009642609777e-02
1087 9.1073385069039337e-01
1088 -1.8653375253342055e-01
1089 5.0343466811541682e-01
1090 4.5398498655901766e-02
1091 1.1477483817936950e-01
1092 -5.6107277813144474e-01
1093 -1.2690303487146126e+00
1094 -3.6547577481380079e-02
1095 -1.5671687718283891e-02
1096 1.0713700381094025e+00
1097 -1.8022243039421324e+00
1098 3.4279233283859400e-01
1099 1.7103579259002594e-01
1100 -4.2698683796282089e-01
1101 -7.0466514823761442e-02
1102 -7.6658962854761226e-01
1103 -1.1335931684385718e+00
1104 3.7975405354908109e-01
1105 -1.0484158638035965e-02
1106 1.7958349481724839e-01
1107 5.5625703395230663e-01
1108 1.4709977524402971e+00
1109 -2.6057056735768047e-01
1110 1.5795180172545924e-02
1111 4.8003306418429453e-02
1112 -3.1253637021986069e-01
1113 1.4138556783828138e-01
1114 -4.3893973354301043e-02
1115 -1.8109923407532902e-01
1116 -1.7773762199518164e-01
1117 5.6592611295746031e-01
1118 -5.5823630881904458e-02
1119 6.9682241801636924e-01
1120 -4.6797520912810018e-04
1121 1.9980715201435788e+00
1122 -7.6742450933891329e-02
1123 -1.4963489984494274e+00
1124 -4.9414460836714547e-01
1125 -2.8090422801657994e-01
1126 9.5831298599931863e-02
1127 2.4577814529849876e-02
1128 1.5767125728648582e-02
1129 4.9789164119311441e-01
1130 -5.3444464632577795e-03
1131 -1.4198202050624242e+00
1132 -5.2042424057016179e-01
1133 6.6212711736653240e-01
1134 1.8991958614821042e-01
1135 1.4677526847484348e-01
1136 -9.9437928557862446e-02
1137 -5.0721743576657441e-01
1138 -4.7404203648523019e-01
1139 5.2554234554761714e-01
1140 -3.4676616953713651e-01
1141 -1.1698519656637418e+00
1142 2.8123996814320268e-01
1143 1.1754187175423056e+00
1144 -4.4822778207865915e-01
1145 -2.5832093349304386e-01
1146 -3.5658904745646425e-02
1147 1.9219004048798530e-01
1148 2.4122839006200478e-01
1149 2.0860207608740200e-01
1150 2.1838447129424616e+00
1151 2.4047732421651555e-01
1152 -1.0740405399391109e-01
1153 5.9198836946537015e-01
1154 -1.6678949686862132e+00
1155 1.8128164751312739e-01
1156 -4.1633161243997885e-01
1157 2.7608263918090761e+00
1158 -9.8126572934478618e-01
1159 -9.1990339269642707e-01
1160 1.1530061621355767e+00
1161 -8.8750027206664894e-01
1162 4.5800953746590750e-01
1163 -2.7122459722727585e+00
1164 -1.6737875194341625e+00
1165 -9.5693329587626785e-01
1166 2.1306935398792661e+00
1167 8.8513817857839860e-01
1168 2.2746509079319859e+00
1169 -1.4969731456818627e+00
1170 -2.4274573447001946e+00
1171 -1.6601188342743283e+00
1172 -1.8259199995194129e+00
1173 5.9065434647656723e+00
1174 -1.7769260392093833e+00
1175 2.2639621280987274e+00
1176 3.7400631553934307e+00
1177 -4.8751568034294968e+00
1178 -4.8365706189840979e-01
1179 1.7512571282041396e+00
1180 1.2728482194295330e+00
