1 1.0000000000000000e+00
2 -3.3207777829677504e-01
3 5.4863733846053797e-01
4 -8.8972434916201115e-01
5 -6.5240146492804768e-02
6 -1.8219026844281835e-01
7 1.0335784850806151e+00
8 6.2753546339387656e-01
9 -6.9899707083648643e-01
10 2.1664802900162414e-02
11 -5.6114727073549853e-01
12 -4.8813599889365056e-01
13 1.1360797541849521e+00
14 -3.4322844701917810e-01
15 -3.5793180322960798e-02
16 6.8133376666200374e-01
17 3.7935820219164412e-01
18 2.3212139432765957e-01
19 -1.3934215482504775e+00
20 5.8045746879551836e-02
21 5.6705974915044666e-01
22 1.8634453895683087e-01
23 1.2097230632318534e+00
24 3.4428938646153529e-01
25 -9.9574372328156857e-01
26 -3.7726684068138905e-01
27 -9.3213323100320178e-01
28 -9.1959994496012742e-01
29 -1.7259899836818735e+00
30 1.1886119800180821e-02
31 -5.4745549240085389e-01
32 -8.5379126695592700e-01
33 -3.0786634510567346e-01
34 -1.2597642901837908e-01
35 -6.7430811777824923e-02
36 6.2191471392480768e-01
37 -1.5255596040854393e+00
38 4.6272433197069629e-01
39 6.2329577262248603e-01
40 -4.0940505558839622e-02
41 -5.4573233510128250e-01
42 -1.8830794165108433e-01
43 1.6740288581745183e-01
44 4.9926639023971042e-01
45 4.5602671288662008e-02
46 -4.0172214717917826e-01
47 -4.1826513983005587e-01
48 3.7380514434571416e-01
49 6.8284484843873741e-02
50 3.3066436337850497e-01
51 2.0813007437443570e-01
52 -1.0107978198950966e+00
53 1.2907158925618725e-01
54 3.0954073245463576e-01
55 3.6609330143285282e-02
56 6.4860715364718791e-01
57 -7.6448308958906974e-01
58 5.7316291914816253e-01
59 -1.2591820824005140e+00
60 3.1846064066446585e-02
61 1.4028415383915116e+00
62 1.8179780361953154e-01
63 -7.2246833354931972e-01
64 -3.9780865961067396e-01
65 -7.4118009416771949e-02
66 1.0223557188957594e-01
67 4.8643038359403057e-01
68 -3.3752422954837785e-01
69 6.6369924169248329e-01
70 2.2392274158331185e-02
71 -7.7049364706472900e-01
72 -4.3864545079383288e-01
73 3.5479684907765591e-01
74 5.0660444396272641e-01
75 -5.4630218613980253e-01
76 1.2397610801317469e+00
77 -5.7998974599567765e-01
78 -2.0698267536801912e-01
79 -5.8383293145975002e-01
80 -4.4450314742005385e-02
81 1.8759397587675702e-01
82 1.8122558141820619e-01
83 9.8439576797402362e-01
84 -5.0452686624582088e-01
85 -2.4749384689945853e-02
86 -5.5590778423151403e-02
87 -9.4694255086931012e-01
88 -3.5213981260393140e-01
89 1.0959483102839234e+00
90 -1.5143633769411975e-02
91 1.1742275912632745e+00
92 -1.0763200650950524e+00
93 -3.0035452425992049e-01
94 1.3889655836114215e-01
95 9.0907025951459414e-02
96 -4.6842176830790172e-01
97 7.0284795488509003e-03
98 -2.2675760013713700e-02
99 3.9224029854990322e-01
100 8.8593743613616138e-01
101 -1.1864482432416094e-01
102 -6.9115372690609841e-02
103 -1.6558883041527346e+00
104 7.1293033507104397e-01
105 -3.6995061103537952e-02
106 -4.2861806590349584e-02
107 -1.1304122747728410e-01
108 8.2934163229177060e-01
109 4.0912964028304705e-01
110 -1.2157145017350844e-02
111 -8.3697896084201295e-01
112 7.0421192237979802e-01
113 -1.6326853980939866e+00
114 2.5386784593142486e-01
115 -7.8922509817732842e-02
116 1.5356553149018553e+00
117 -7.9411642042051545e-01
118 4.1814638834997941e-01
119 3.9209647592523023e-01
120 -2.2461490007055263e-02
121 -6.8511374054569052e-01
122 -4.6585250136210732e-01
123 -2.9940913590520646e-01
124 4.8708448163402135e-01
125 1.3020261287435583e-01
126 2.3991567908746270e-01
127 -6.0488019765130463e-01
128 9.8589468282271397e-01
129 9.1843473712094434e-02
130 2.4612943958679884e-02
131 -2.6802409009948713e-01
132 2.7391618352466818e-01
133 -1.4402105329125223e+00
134 -1.6153272107645250e-01
135 6.0812508539155312e-02
136 2.3806072522532820e-01
137 1.7203844124004470e+00
138 -2.2039976963885838e-01
139 -4.7643805774125242e-01
140 5.9994835140892808e-02
141 -2.2947587299648561e-01
142 2.5586381853874590e-01
143 -6.3750805338705663e-01
144 -4.7625030715635219e-01
145 1.1260383938109643e-01
146 -1.1782014938611407e-01
147 3.7463418011174997e-02
148 1.3573275258273936e+00
149 -7.9080311873889558e-02
150 1.8141481624827693e-01
151 1.2394412979332659e-02
152 -8.7442143706963105e-01
153 -2.6517027213348865e-01
154 1.9260170628596082e-01
155 3.5716076529806538e-02
156 -5.5456142564621191e-01
157 1.7911137570033120e-01
158 1.9387794277232170e-01
159 7.0813493206154876e-02
160 5.5701467334573401e-02
161 1.2503437310539121e+00
162 -6.2295790735825377e-02
163 -1.1148048292058284e+00
164 4.8555134676042039e-01
165 2.0085245453966116e-02
166 -3.2689595958999468e-01
167 -1.3408064092115324e+00
168 3.5585010248817089e-01
169 2.9067720787814949e-01
170 8.2187206820650872e-03
171 9.7399758066620912e-01
172 -1.4894242363018576e-01
173 8.7319328606939783e-01
174 3.1445857847743353e-01
175 -1.0291792890426485e+00
176 -3.8232858364403177e-01
177 -6.9083430629915965e-01
178 -3.6394007999475803e-01
179 1.1769396936260417e+00
180 -4.0573807034281775e-02
181 -6.7915382395829227e-01
182 -3.8993488971435769e-01
183 7.6965124791110073e-01
184 7.5914412313086133e-01
185 9.9527732047826639e-02
186 9.9741063113844064e-02
187 -2.1287581978998757e-01
188 3.7214067931259104e-01
189 -9.6343285280213331e-01
190 -3.0188203199657381e-02
191 -8.7044911614179199e-01
192 -2.1825268422318578e-01
193 1.1053285925051455e+00
194 -2.3340018833902581e-03
195 -4.0663907512231354e-02
196 -6.0754368810398564e-02
197 9.9549297060707101e-02
198 -1.3025428689562749e-01
199 1.5386973797064460e+00
200 -6.2486449887647333e-01
201 2.6687387097203269e-01
202 3.9399309680233648e-02
203 -1.7839461126024327e+00
204 -1.8517839497267072e-01
205 3.5603657490955537e-02
206 5.4988370913739670e-01
207 -8.4559287771319736e-01
208 7.7404949815051216e-01
209 7.8191469877888686e-01
210 1.2285237703105091e-02
211 6.3531912762959086e-01
212 -1.1483813574136184e-01
213 -4.2272158383398439e-01
214 3.7538479676160426e-02
215 -1.0921388793606178e-02
216 -5.8494665912724442e-01
217 -5.6583821844137705e-01
218 -1.3586286197977238e-01
219 1.9465479898104235e-01
220 -3.2572212441542722e-02
221 4.3098117310084005e-01
222 2.7794211380160455e-01
223 3.2976230381619059e-01
224 -8.8246028428272161e-01
225 6.9602194588388588e-01
226 5.4217853964057328e-01
227 -1.1503052038669216e-01
228 6.8017921933574721e-01
229 -1.0572578772546042e+00
230 2.6208411811716660e-02
231 -3.1820403051097612e-01
232 -1.0831199243336695e+00
233 2.3781377633510754e-02
234 2.6370841659608557e-01
235 2.7287678988637213e-02
236 1.1203249586411050e+00
237 -3.2031254562155259e-01
238 -1.3020652660170731e-01
239 9.8683814340638409e-01
240 -2.4387102376665689e-02
241 -6.8848607854293487e-01
242 2.2751104884318035e-01
243 1.0350542906393756e+00
244 -1.2481422747324717e+00
245 -4.4548897940568663e-03
246 9.9427120652287301e-02
247 -1.5830380100105950e+00
248 -3.4354773611594214e-01
249 5.4007627414510384e-01
250 -4.3237394408114214e-02
251 1.6328050702052765e+00
252 6.4279766786233816e-01
253 -6.7883279527237828e-01
254 2.0086727215979541e-01
255 -1.3578436541834863e-02
256 7.0414943693384954e-02
257 3.2460168895114737e-02
258 -3.0499176703401472e-02
259 -1.5767855844583358e+00
260 6.5944597840306901e-02
261 1.2064619428967680e+00
262 8.9004844375858871e-02
263 -1.2639318201806937e+00
264 -1.9319704955223302e-01
265 -8.4206493901273979e-03
266 4.7826191404198021e-01
267 6.0127816405403522e-01
268 -4.3278895646318488e-01
269 1.6227290131492151e+00
270 -2.0194482730935517e-02
271 -1.2218963343742126e+00
272 2.5846955281617545e-01
273 6.4422510042574777e-01
274 -5.7130143347516060e-01
275 5.5875887267820468e-01
276 -5.9050937585779995e-01
277 -1.7234313350539090e+00
278 1.5821449170450141e-01
279 3.8266978557564868e-01
280 -4.2315225719945254e-02
281 3.5097802092747643e-01
282 7.6203838112642766e-02
283 5.5137424498737153e-01
284 6.8552695867724023e-01
285 4.9874988757796154e-02
286 2.1170225801382114e-01
287 -5.6405720028585815e-01
288 5.9679759471175309e-01
289 -8.5608735442392381e-01
290 -3.7393232814145416e-02
291 3.8560863111404930e-03
292 -3.1567139563812413e-01
293 -4.5113042269092002e-01
294 -1.2440768615158347e-02
295 8.2149223514157793e-02
296 -9.5734275315659445e-01
297 5.2306401853935280e-01
298 2.6260814274414186e-02
299 1.3743418803061287e+00
300 4.8605835700503669e-01
301 1.7302402112397533e-01
302 -4.1159091239303790e-03
303 -6.5092980644979009e-02
304 -9.4938515201792828e-01
305 -9.1521587465644177e-02
306 8.8057154848814115e-02
307 -1.3960050248696107e-01
308 5.1603099927033058e-01
309 -9.0848215199698124e-01
310 -1.1860515344058544e-02
311 1.7481730229074963e-01
312 3.9114020155888024e-01
313 -1.1184585455559510e+00
314 -5.9478907715144615e-02
315 4.7133939920076542e-02
316 5.1945037497228086e-01
317 9.0411239157920631e-01
318 -2.3515587509825200e-02
319 9.6853456867039767e-01
320 2.5953095231792882e-02
321 -6.2018638184981198e-02
322 -4.1521136829553545e-01
323 -5.2860589344696551e-01
324 -1.6690692809642849e-01
325 -1.1312442843929207e+00
326 3.7020191091002641e-01
327 2.2446379693395063e-01
328 -3.4246639388801497e-01
329 -4.3230984957115542e-01
330 -6.6698637017227804e-03
331 1.0661708533094856e+00
332 -8.7584088402315829e-01
333 1.0663616946777754e+00
334 4.4525201351942523e-01
335 -3.1734789494544204e-02
336 3.8635695481004695e-01
337 2.7436033852776459e-01
338 -9.6527441328535635e-02
339 -8.9575217137821328e-01
340 2.2020130201010686e-02
341 3.0720315539774251e-01
342 -3.2344295271274132e-01
343 -9.6300111065566552e-01
344 1.0505124750487357e-01
345 -4.3299835709972256e-02
346 -2.8996808649820155e-01
347 9.6063229887296986e-02
348 8.4251784478204783e-01
349 -2.8760838189476634e-01
350 3.4176757179387923e-01
351 -1.0589776919854121e+00
352 4.7910263937138697e-01
353 1.8069207525352455e+00
354 2.2941072160836587e-01
355 5.0267118415696727e-02
356 -9.7509189705597488e-01
357 2.1511876719790055e-01
358 -3.9083551889013823e-01
359 -1.0885948178773523e+00
360 2.8617293274257900e-02
361 9.4162361129789551e-01
362 2.2553189323575215e-01
363 -3.7587897940089232e-01
364 -1.0447388794054513e+00
365 -2.3146998593482331e-02
366 -2.5558407624281293e-01
367 -4.3495052640016062e-03
368 8.2422517133505901e-01
369 3.8146530373155274e-01
370 -3.3050948197772177e-02
371 1.3340561774905929e-01
372 2.6723273338242043e-01
373 1.3080587136910620e+00
374 7.0691328833376310e-02
375 7.1434015415884775e-02
376 -2.6247620865827836e-01
377 -1.9608622769789801e+00
378 3.1993464213168910e-01
379 -8.2737417198501717e-01
380 -8.0882193774652653e-02
381 -3.3185986291511682e-01
382 2.8905680801583417e-01
383 4.9287228629666147e-01
384 5.4089863547667461e-01
385 3.7838616529210910e-02
386 -3.6705506426161660e-01
387 -1.1701412779822418e-01
388 -6.2534094773538905e-03
389 9.0049339611424473e-01
390 1.3503579506497772e-02
391 4.5891836698229099e-01
392 4.2850934855621609e-02
393 -1.4704802349763568e-01
394 -3.3058107661033238e-02
395 3.8089343242068113e-02
396 -3.4898574172322755e-01
397 -1.3364312649713026e-02
398 -5.1096720762678072e-01
399 -7.9015327366666743e-01
400 -6.7843382286372522e-01
401 1.2975117431368999e+00
402 -8.8622881374828835e-02
403 -6.2195310256584146e-01
404 1.0556118314123919e-01
405 -1.2238656072669177e-02
406 5.9240886467591636e-01
407 8.5606361915786100e-01
408 1.3060899512345334e-01
409 -1.0184973405933879e+00
410 -1.1823177982277859e-02
411 9.4386711859090811e-01
412 1.4732841688330480e+00
413 -1.3014635193776711e+00
414 2.8080259928448209e-01
415 -6.4222124982481324e-02
416 -9.6997498383827219e-01
417 -2.6139168221558806e-01
418 -2.5965652061390798e-01
419 -1.5797725624561373e-01
420 3.2915404727282542e-02
421 -2.4076475867538499e-01
422 -2.1097538212782344e-01
423 2.9236610754325565e-01
424 8.0997030422239089e-02
425 -3.7774358188096058e-01
426 1.4037647940432721e-01
427 1.4499467527351255e+00
428 1.0057561262233887e-01
429 -3.4976072008282161e-01
430 3.6267434223057546e-03
431 1.9200555877480501e+00
432 -6.3509406962250847e-01
433 -9.1874230243400201e-01
434 1.8790230729518692e-01
435 6.1778743680174358e-02
436 -3.6401267623346178e-01
437 -1.6856543805447213e+00
438 -6.4640347824465871e-02
439 2.8847320255721592e-01
440 2.2973885444233805e-02
441 -4.7730809844936606e-02
442 -1.4311920426619981e-01
443 6.6313091501576016e-01
444 7.4468055962853474e-01
445 -7.1499620485202725e-02
446 -1.0950713699796570e-01
447 -4.3385810608682199e-02
448 -4.1116696431235933e-01
449 1.8943356476150827e-01
450 -2.3113381126339252e-01
451 3.0623625495749673e-01
452 1.4526410808432737e+00
453 6.7985753084905468e-03
454 3.8199725677692593e-02
455 -7.6607563935671003e-02
456 -4.7973947459598409e-01
457 -1.4128188058323679e+00
458 3.5109089128678189e-01
459 -3.5361228364654285e-01
460 7.0217598132024703e-02
461 -1.1961311962005889e+00
462 1.0566864904265108e-01
463 1.7418809145306291e+00
464 -1.1759772725268884e+00
465 1.9594729419760506e-02
466 -7.8953711063864795e-03
467 6.7844151535263697e-01
468 7.0654821857538708e-01
469 5.0276059584399213e-01
470 -9.0579268571673120e-03
471 9.8264786170444804e-02
472 -7.9018425023769967e-01
473 -9.3931885850181820e-02
474 1.0636313252022578e-01
475 1.3874989112389711e+00
476 -3.4886365856410811e-01
477 -9.0224650121133260e-02
478 -3.2770366860484895e-01
479 -1.2197391491428644e+00
480 3.0564528553513777e-02
481 -1.7331674720608197e+00
482 2.2862505091961838e-01
483 6.8598482141622341e-01
484 6.0957927995896299e-01
485 -4.6295584987738453e-04
486 -3.4371648446998521e-01
487 4.0667583502473953e-01
488 8.8032230053181904e-01
489 -6.1159435712250898e-01
490 1.4600093722944283e-03
491 1.2980074240244235e+00
492 2.6637515966909131e-01
493 -6.5477051843870282e-01
494 5.2570786802613678e-01
495 -2.5623758034121681e-02
496 -3.7297012647173805e-01
497 -7.9636558879077524e-01
498 -1.7934356019412165e-01
499 5.5066007084790625e-01
500 -1.1582142294250419e-01
501 -7.3564542803313593e-01
502 -5.4212196206585406e-01
503 4.6298855160257174e-01
504 -4.5350689864538157e-01
505 7.7947764314731912e-03
506 2.2535493981262700e-01
507 1.5980620423343361e-01
508 5.3799307558768195e-01
509 -1.1251738618247985e-01
510 4.5580612935985591e-03
511 3.6662253484269708e-01
512 -1.0089391056038268e+00
513 1.2987090712195319e+00
514 -1.0758145547520394e-02
515 1.0772141934291554e-01
516 -8.1533167602452550e-02
517 2.3474287594748575e-01
518 5.2345731354749447e-01
519 4.7926763338402667e-01
520 -4.6860309456465896e-02
521 -9.4514638936646267e-01
522 -4.0202935796682177e-01
523 -1.5435723175193596e+00
524 2.3868651949665778e-01
525 -5.6488856616626437e-01
526 4.2057686513443254e-01
527 -2.1055774082427187e-01
528 -2.0696568023373751e-01
529 4.6222925603312454e-01
530 4.4294970407342815e-03
531 8.7971136294738128e-01
532 1.2778417343491857e+00
533 -6.1696748182546457e-01
534 -2.0035936359940065e-01
535 1.1671529126225790e-02
536 2.9995827138644404e-01
537 6.4678988453786002e-01
538 -5.4046463763342001e-01
539 -3.7071187169298907e-02
540 -4.9433636806877436e-02
541 -9.3215659022173325e-02
542 4.1634799981044152e-01
543 -3.8711581279987561e-01
544 -3.1405797433435823e-01
545 -3.1082505841831202e-02
546 -2.2061008629744427e-01
547 -1.7182801669759957e-02
548 -1.5511761337321308e+00
549 -9.6517407145561918e-01
550 -2.1130287876448325e-01
551 2.4217761668664513e+00
552 4.3487962771326488e-01
553 -6.2398482040095526e-01
554 5.7669191791546026e-01
555 2.6291227673558119e-02
556 4.6764828798327479e-01
557 1.8821947820322701e-01
558 -8.9042894451960911e-02
559 1.3326810785962748e-01
560 -6.6565962625141278e-02
561 -7.1237472701707855e-02
562 -1.4022644940419046e-01
563 -6.7607840638977929e-02
564 5.5894339345614566e-02
565 1.8516680347569514e-01
566 -1.9236118834106325e-01
567 1.2229419126423446e-01
568 -3.5004112529813824e-01
569 -1.1385717920594935e+00
570 1.6962381956189379e-01
571 -1.4384403193158710e-01
572 5.4936826483769996e-01
573 -4.0485835025773298e-01
574 1.8081221468077985e-01
575 -1.0399598212998200e+00
576 9.4786568668780616e-02
577 5.4427566954254347e-01
578 1.0811091766212143e-01
579 1.2370943410985149e+00
580 -2.4261551319358773e-01
581 9.8976827815161195e-01
582 -3.6859844905712880e-01
583 -5.2734509402461605e-01
584 1.3542873409493044e+00
585 -2.5382970376347957e-01
586 6.1322748075222977e-01
587 -1.4500007042349550e+00
588 -4.2205743158621450e-01
589 2.0510259317109880e+00
590 -2.8408235371753693e-01
591 2.1051960112997772e-01
592 -1.9453076617097054e+00
