1 1.0000000000000000e+00
2 -3.3688372412479178e-01
3 5.0395068455535075e-01
4 -8.9254035071896765e-01
5 -2.8270159543593267e-02
6 -2.1293364219845232e-01
7 9.7651113821584135e-01
8 6.2965298538388292e-01
9 -6.8541105918616663e-01
10 1.9365921548264995e-03
11 -5.5969123576304514e-01
12 -4.4852312497312691e-01
13 1.0972016585856899e+00
14 -3.5080132778942757e-01
15 -6.5828980601129053e-03
16 9.3876982157611588e-01
17 3.7617346835077270e-01
18 2.3013516434796513e-01
19 -1.2099688905726362e+00
20 6.8629460584866617e-02
21 2.3106221456456286e-01
22 1.7473620963598011e-01
23 1.3031482720074228e+00
24 3.1897571272488251e-01
25 -8.3599077755155504e-01
26 -3.5897438743246884e-01
27 -8.9323214286308994e-01
28 -9.2616260829732378e-01
29 -1.6856316933950690e+00
30 -1.4091363934942307e-02
31 -5.3644705227683165e-01
32 -8.6664236336354405e-01
33 -1.0328101787937141e+00
34 -1.0754395088813962e-01
35 -8.0359632912160361e-02
36 4.7329472982580267e-01
37 -1.5393779427493366e+00
38 4.6638581290160391e-01
39 5.6368213495655939e-01
40 -4.3583129375329904e-02
41 -5.6472005264452718e-01
42 -1.7952236646951539e-01
43 2.0745380760401305e-01
44 5.1963974455983708e-01
45 3.1084435059831345e-02
46 -3.6198381261688223e-01
47 -4.1459235946645678e-01
48 3.9284615667706235e-01
49 6.9450405761846662e-02
50 3.5717085440010643e-01
51 1.8922997428966476e-01
52 -1.2923570289883046e+00
53 1.6303044646960074e-01
54 3.1231941641464350e-01
55 3.4685370084704403e-02
56 6.4356791168651217e-01
57 -8.6500145764831404e-01
58 5.9051692799203581e-01
59 -1.2453211276797622e+00
60 2.3123653487483960e-02
61 1.3812214131226528e+00
62 1.6389064204864726e-01
63 -7.5269746002287752e-01
64 -4.0732850812054677e-01
65 -6.1725512435957350e-02
66 1.1496053338409105e-01
67 4.6262512655273325e-01
68 -2.6299452556405123e-01
69 7.0818739519849327e-01
70 2.2524584067569790e-02
71 -7.6518113348574890e-01
72 -4.3183333631898568e-01
73 3.2279535132079706e-01
74 5.0066336110399334e-01
75 -4.8066896959723149e-01
76 1.2364304372657102e+00
77 -5.9073003443474492e-01
78 -2.2513823835072935e-01
79 -5.7156303918668871e-01
80 -2.6017503430839996e-02
81 1.6734514401622433e-01
82 9.2888893849055632e-02
83 1.0259581417185126e+00
84 -5.3451070686855950e-01
85 -9.6011053334229008e-03
86 -5.3106643402160252e-02
87 -9.5504729200022076e-01
88 -3.3620268192183866e-01
89 1.0261122406242451e+00
90 -1.2090039318069101e-01
91 1.1725572458172551e+00
92 -1.0744851127276642e+00
93 -3.1914910743992947e-01
94 1.6053245514743275e-01
95 9.5550100577829575e-02
96 -4.9122754977747762e-01
97 4.5315304309932927e-02
98 -5.8347700928507287e-02
99 3.4474135709138393e-01
100 9.3231845876625341e-01
101 -1.0004657848360289e-01
102 -8.1616821296455047e-02
103 -1.6638701792957424e+00
104 6.9941492275240580e-01
105 -2.6179470817361956e-02
106 -4.8347536428170398e-02
107 -7.4156380978057171e-02
108 1.4466823324719089e+00
109 3.8898588091622821e-01
110 -3.4804615278686848e-02
111 -8.2905743463373205e-01
112 6.9905021956432689e-01
113 -1.6116204459632855e+00
114 2.5603867650126066e-01
115 -9.0418315860052056e-02
116 1.5055622428709490e+00
117 -7.6043422184597576e-01
118 3.5082761434629617e-01
119 4.2497423539142748e-01
120 -5.9388717323602014e-02
121 -7.0785988056656834e-01
122 -4.6065050287613352e-01
123 -2.6387726251275945e-01
124 4.8548275947494113e-01
125 1.1250110123217118e-01
126 2.3139881363559908e-01
127 -6.0247910765446888e-01
128 9.6109446753106076e-01
129 1.9436908065615369e-01
130 6.5216908407987606e-01
131 -2.5677749629429047e-01
132 2.2703827069495744e-01
133 -1.4292660340092502e+00
134 -1.7409610577578200e-01
135 8.0258164951684266e-02
136 2.4113938816287303e-01
137 1.7030435933450156e+00
138 -2.1111409006964318e-01
139 -4.8484302758524966e-01
140 6.7950794806602141e-02
141 -1.5793543659557749e-01
142 6.8937732875062274e-02
143 -6.2211502658770435e-01
144 -4.9049672921954984e-01
145 1.7098794414151985e-01
146 -1.5533018661060827e-01
147 9.2496243362280989e-03
148 1.3512618310582050e+00
149 -6.5426032228161374e-02
150 1.9961498183456050e-01
151 1.3073664934563375e-02
152 -8.6773270705629391e-01
153 -2.7157329820733545e-01
154 1.7644359340511612e-01
155 5.1984651513794201e-02
156 -5.1625140216599963e-01
157 4.6637976891965116e-01
158 2.1549330784622894e-01
159 3.9460238072554228e-02
160 6.0525195890096577e-02
161 1.2412262939483274e+00
162 -7.8961808222993701e-02
163 -1.1086576844872440e+00
164 4.9021979983502423e-01
165 3.2411092123718906e-02
166 -3.3113511215755220e-01
167 -1.3033591494783441e+00
168 3.4300403860728246e-01
169 2.6480598569488584e-01
170 -1.6281105732198393e-02
171 8.3142585833357274e-01
172 1.7049186469020042e-01
173 9.0256135887666278e-01
174 2.0653066197359571e-01
175 -1.0507291603108191e+00
176 -3.7090870589986630e-01
177 -6.8585678964336450e-01
178 -3.4192843979978793e-01
179 1.1611781270978405e+00
180 -3.6789841338478090e-02
181 -6.6487251521665958e-01
182 -3.8708428876627804e-01
183 7.6547503868359812e-01
184 7.4399307862623720e-01
185 9.1359464653482325e-02
186 8.5839758570198987e-02
187 -2.2977052309780782e-01
188 4.3184693979705635e-01
189 -9.2432261454262010e-01
190 7.5384601867803868e-04
191 -9.9652590473931113e-01
192 -2.2490426616067175e-01
193 1.1484815226666423e+00
194 1.5722165166366583e-02
195 -3.3550981698214806e-02
196 -6.5366331757748655e-02
197 9.9920750694294139e-02
198 -1.3736725269495173e-01
199 1.5124711040530188e+00
200 -6.0623847301199951e-01
201 2.8129480795718309e-01
202 2.0051356291872019e-02
203 -1.7759591716422118e+00
204 -1.7820279800517660e-01
205 5.0667753831839552e-02
206 5.6769907829323585e-01
207 -8.8143943950576764e-01
208 6.9658737857831743e-01
209 1.6190085633284312e+00
210 4.1844627869828746e-02
211 5.4712795296092886e-01
212 -1.1312967038342674e-01
213 -4.0858495338927675e-01
214 3.7253244204509949e-02
215 -1.0373414556707624e-02
216 -5.7763579053697756e-01
217 -5.7431265586311853e-01
218 -1.3795175727817111e-01
219 1.9125581061370209e-01
220 -3.3628890860571803e-02
221 4.4352863240856427e-01
222 2.6904275332056865e-01
223 3.3368296532839015e-01
224 -8.7278834114104931e-01
225 7.0874253168304735e-01
226 5.1217239401382209e-01
227 -1.4088361403324459e-01
228 6.0584257444460676e-01
229 -9.0803096051494536e-01
230 3.1918372816810425e-01
231 -1.6004310018614901e-01
232 -1.1820799636604522e+00
233 1.2317487172196373e-01
234 2.6171192530186849e-01
235 3.0619301042350763e-02
236 1.1078883781513416e+00
237 -3.2462133323804221e-01
238 -1.3266396939880312e-01
239 9.7698778397913255e-01
240 -1.0691038503644966e-02
241 -6.7687197373459540e-01
242 2.2957256022973629e-01
243 1.0293603626172185e+00
244 -1.2368264351162737e+00
245 -2.2241826417064871e-02
246 8.1851858698361521e-02
247 -1.5800227623822840e+00
248 -3.1796217345619721e-01
249 5.2154175470713926e-01
250 -1.4001542335339888e-02
251 1.6145616061188917e+00
252 6.2229634462815642e-01
253 -6.4054249959641330e-01
254 2.5028316982656845e-01
255 6.1270141343829900e+00
256 4.2636844826572251e-01
257 -5.8242319792862714e-02
258 -5.3153216387658367e-03
259 -1.5973883357678185e+00
260 6.4026985997290398e-02
261 1.2104349752458801e+00
262 6.9504589712369738e-02
263 -1.2458943890414873e+00
264 -2.1321243317077559e-01
265 -5.2781537467881823e-03
266 4.7836414489300999e-01
267 6.1428892619179265e-01
268 -4.1961890241969863e-01
269 1.6140505926667543e+00
270 -1.5570081186962625e-02
271 -1.2260282485202407e+00
272 2.4705523937879362e-01
273 6.2069266156708836e-01
274 -5.6563160161068471e-01
275 5.6725280971120939e-01
276 -5.9829660445947552e-01
277 -1.6614569125550260e+00
278 1.9367857565611352e-01
279 3.5327226143377255e-01
280 -1.0952684561364309e-01
281 3.6954278180580163e-01
282 9.3074185117494920e-02
283 2.8697775370715588e+00
284 7.2612218014825680e-01
285 -7.6169510846380867e-03
286 2.3066454535598860e-01
287 -6.1893835036576850e-01
288 5.3482786514418512e-01
289 -8.7564751545089015e-01
290 -1.0485762597721226e-02
291 4.8097419380274911e-02
292 -3.1266579083684104e-01
293 -4.3367361126429665e-01
294 -2.5662688434641007e-02
295 6.6380207104415015e-02
296 -9.5543792508337078e-01
297 5.1406941085567515e-01
298 3.1611002214133842e-02
299 1.3757465881305346e+00
300 4.8304789861848674e-01
301 1.5667345485481962e-01
302 9.3588403421455951e-03
303 -6.3767018171136627e-02
304 -9.3246452369823307e-01
305 -9.5945398785003813e-02
306 8.4378634993354920e-02
307 -1.3661582046846882e-01
308 4.9440163810735560e-01
309 -8.6383087890217269e-01
310 -1.4499485876615486e-02
311 1.2660963200477884e-01
312 3.5738303314423453e-01
313 -1.0144925204186654e+00
314 -3.1229776580112917e-01
315 -6.7037445171583121e+00
316 4.9552564580654496e-01
317 7.9559948255639867e-01
318 -9.2047691708580223e-02
319 1.0328536244727526e+00
320 7.6479653557073686e-03
321 -1.1801587119934391e-02
322 -4.0320585771243161e-01
323 -5.3358383941992626e-01
324 -1.8669397079127287e-01
325 -1.1341725300746708e+00
326 3.6946152459695808e-01
327 2.2582897923040526e-01
328 -3.3091473047839998e-01
329 -4.3614173948717827e-01
330 -1.8655544645848437e-02
331 1.0523113120944765e+00
332 -8.6827797301808174e-01
333 1.0667514549607082e+00
334 4.5523648610656764e-01
335 -2.4796155430602866e-02
336 3.8266661857209827e-01
337 2.6927325982994516e-01
338 -8.5235810805402351e-02
339 -8.7306699789164721e-01
340 1.2744563502978245e-02
341 2.7655590525979112e-01
342 -3.3335612057010383e-01
343 -9.8712617662414037e-01
344 1.0426869042225766e-01
345 1.2051004472442195e-02
346 -2.7544453571568678e-01
347 9.6093793045774020e-02
348 8.5037753450491427e-01
349 -3.0938072545363449e-01
350 3.2180715304120017e-01
351 -9.5636450110314219e-01
352 4.8166249091648861e-01
353 3.0156622807955147e+00
354 6.1782782990356433e-01
355 7.4939134940375712e-02
356 -1.0268267166788354e+00
357 1.9099289678309075e-01
358 -4.5929784528314821e-01
359 -1.0968838352186263e+00
360 5.1718086180141169e-02
361 9.2915433423686322e-01
362 2.2676166782029514e-01
363 -3.4597415963687933e-01
364 -1.0367420080848615e+00
365 -2.5202867528988048e-02
366 -2.7048114482612762e-01
367 -1.0211524614102992e-02
368 8.1690119825342444e-01
369 3.9386306012941602e-01
370 -2.6390302893437259e-02
371 1.3128107453273660e-01
372 2.6324858026809567e-01
373 1.3001099297314338e+00
374 6.4065727530351280e-02
375 7.8480191526810100e-02
376 -2.5764155603578015e-01
377 -1.9415007707041931e+00
378 3.1035384266240479e-01
379 -8.3522079416511574e-01
380 -7.1118845743263048e-02
381 -3.4471787119808511e-01
382 3.1525237010778556e-01
383 4.7048897283123775e-01
384 5.1833090596332232e-01
385 4.4111819413459055e-02
386 -3.3415372895148776e-01
387 -1.3687698210633170e-01
388 -1.1702910949950711e-02
389 8.8669818674370915e-01
390 -4.3644617015423477e-03
391 4.9352239243898766e-01
392 5.2810676404917614e-02
393 2.6107468697783988e-03
394 -1.1052332517988697e-01
395 -6.0533241821989901e-02
396 -3.9973265447353085e-01
397 -2.0582343130373881e-01
398 -4.4024746780675317e-01
399 4.7592469762385611e-02
400 -1.1257743284849699e+00
401 1.3267325807621291e+00
402 -5.8535607870889808e-02
403 -7.0223477982577820e-01
404 1.0621221544016540e-01
405 4.2954490363189428e-02
406 5.8808393361829714e-01
407 8.5016056838263621e-01
408 1.1309161225466838e-01
409 -9.9645883665005031e-01
410 -2.2327378124446400e-02
411 9.5045062196392283e-01
412 1.4794802006073038e+00
413 -1.2925928942859091e+00
414 2.7591213959665001e-01
415 -6.4294055879296694e-02
416 -9.5186445860299640e-01
417 -2.8081012356196655e-01
418 -2.5782941077170174e-01
419 -1.8309896883590732e-01
420 2.6230289394576216e-02
421 -2.4615020490967590e-01
422 -1.9450320170028568e-01
423 3.1476891692035436e-01
424 8.3929074273179513e-02
425 -3.6782312416328422e-01
426 1.3439774705781049e-01
427 1.4368237322610091e+00
428 9.0313002713654125e-02
429 -3.4456081290854951e-01
430 2.9253577891213186e-03
431 1.8997171849900976e+00
432 -6.2885422581039385e-01
433 -9.0359234674470479e-01
434 1.7416351753486467e-01
435 7.4220507243422287e-02
436 -3.4251220304458052e-01
437 -1.6761287847274051e+00
438 -6.6167638794739983e-02
439 2.7396250189989541e-01
440 9.0868722379438172e-04
441 -5.1413823577362731e-02
442 -1.4614453782339731e-01
443 6.8644334346184721e-01
444 7.3540678886120403e-01
445 -1.1911931188766653e-01
446 -7.7071939971235001e-02
447 -1.9235226792701100e-02
448 -4.0036652075069162e-01
449 1.9227045138891813e-01
450 -2.2876853109656711e-01
451 3.5731858050728377e-01
452 1.4247835864361247e+00
453 -1.1378326862874909e-01
454 2.2067958963000303e-02
455 -6.0999047201130016e-02
456 -4.6586888059598885e-01
457 -1.3093015178605545e+00
458 4.1287901527433907e-01
459 -2.6127218646442141e-01
460 2.3002570833038316e-01
461 7.5253437874775484e+00
462 5.0311865177883197e-01
463 1.9900813391620928e+00
464 -1.2116767523016085e+00
465 -1.7035715829647596e-01
466 5.1250679602083005e-03
467 6.7471802345029497e-01
468 6.8117006639938260e-01
469 4.6933672180273811e-01
470 1.9531126985752729e-02
471 1.6274535349732108e-01
472 -7.5107833031756988e-01
473 -9.8587079775278350e-02
474 7.8510179168873456e-02
475 1.3887602723364232e+00
476 -3.6362464360449881e-01
477 -1.1389864886200946e-01
478 -3.3678228141486560e-01
479 -1.2032228741632778e+00
480 1.8604336885917099e-02
481 -1.7184785851205877e+00
482 2.2294230999434783e-01
483 6.8857276890082975e-01
484 6.1129063420856389e-01
485 1.6270933074867874e-02
486 -3.2386338523804964e-01
487 4.0050124640054258e-01
488 8.7715786124021156e-01
489 -6.1834124110620869e-01
490 -1.6070815735530576e-02
491 1.2581798156569772e+00
492 2.8218499177295314e-01
493 -6.4371595003261894e-01
494 5.2763474895178353e-01
495 -9.8219992456196649e-03
496 -3.6755225855813911e-01
497 -7.9320438560141993e-01
498 -1.6831382601245967e-01
499 5.4199400909070017e-01
500 -9.2926719562034563e-02
501 -7.5865593754866201e-01
502 -5.6081204348352298e-01
503 4.5723907967668109e-01
504 -4.7186139312737874e-01
505 2.0815786978153759e-02
506 2.2810211696959468e-01
507 1.9296348794740009e-01
508 5.2044754510838553e-01
509 -1.0043825968958871e-01
510 -9.9466598907562553e-03
511 3.7317100905313250e-01
512 -1.0180913496507860e+00
513 1.2925906014965982e+00
514 2.9966734548037659e-02
515 8.5982244566861238e-02
516 -8.4675457676024773e-02
517 2.0840115111509450e-01
518 5.3345199227016649e-01
519 4.5942595054791779e-01
520 -3.0139482992109907e-02
521 -9.2932322293383085e-01
522 -4.0811763045415206e-01
523 -1.5138979543593385e+00
524 2.4576910658913617e-01
525 -5.6061627556888416e-01
526 3.8380867868538288e-01
527 -2.0130087162078159e-01
528 -2.0919719665051911e-01
529 4.4089717792791572e-01
530 -1.1752991796046091e-02
531 8.9004019349649122e-01
532 1.2743014827408450e+00
533 -6.2414939261473923e-01
534 -1.6269596768876143e-01
535 6.7171019322532135e-03
536 3.1000779629909875e-01
537 6.6430972077930439e-01
538 -5.3650497931347563e-01
539 -5.6197486974131919e-02
540 -6.5096486054952274e-02
541 -7.6795397216166558e-02
542 3.9092165304009308e-01
543 -3.8671191489857248e-01
544 -3.2771335101675969e-01
545 -2.9623620547022618e-02
546 -2.1836181154666229e-01
547 -2.3529188513394778e-02
548 -1.5024124025232495e+00
549 -9.9064142951854639e-01
550 -1.5097080844434266e-01
551 2.3954137383702090e+00
552 4.0164166617710506e-01
553 -6.0978717092203338e-01
554 5.5933804895731210e-01
555 5.1046560423960587e-02
556 4.0988013701089793e-01
557 2.2260820021020183e-01
558 -1.4094332911557875e-01
559 1.8470897946749859e-01
560 -3.6482183141562048e-02
561 -1.0169178494155527e-01
562 -1.3147249034369016e-01
563 -1.4483387191004177e-01
564 2.1290268384232383e-01
565 9.8933452803232624e-02
566 -1.8163051185267406e-01
567 1.9065466943111364e-01
568 -4.9006700903689848e-01
569 -1.0298397831191974e+00
570 -2.5608578295349751e-03
571 4.7458317174509670e-02
572 5.5977274771426522e-01
573 -4.8495556819739583e-01
574 2.0849433492044891e-01
575 -1.2419666989249545e+00
576 2.8881588483194220e-01
577 6.6173413033618678e-01
578 2.7568901330940937e-01
579 6.5952505615985890e-01
580 -8.9627594104807570e-02
581 1.0171000937112340e+00
582 -2.5826337671488335e-02
583 -1.0964652537728613e-01
584 2.1393971717774429e-01
585 1.2726852357685572e-02
586 1.4218912930600888e-01
587 -1.0132153714462533e+00
588 -4.7622811789565032e-02
589 7.8951226461129875e-01
590 9.5157846560753722e-03
591 5.3051466387622967e-02
592 -1.0534076915516692e+00
593 -1.7132155146157810e+00
594 -1.9355031113903692e-01
595 -5.1534543546574503e-02
596 7.1247941838473577e-02
597 8.2214110338021762e-01
598 -4.1255055053846207e-01
599 1.3875933081686833e+00
600 -2.8373904420301344e-01
601 1.0612697432744997e+00
602 -6.9902275086859811e-02
603 -2.9360729673170921e-01
604 -4.8718921017641297e-02
605 5.1394719552297324e-02
606 -3.2729316147384752e-02
607 1.9113305214471482e-01
608 1.1653127515106001e+00
609 -9.3011526963870861e-01
610 4.6616723689137364e-02
611 -4.4553383735044333e-01
612 2.5530933029908737e-01
613 -4.0721708606828588e-01
614 1.9861812628494110e-02
615 -1.0404427031257199e-01
616 -3.5793106012995085e-01
617 1.2554517145740021e-01
618 3.7713828336972394e-01
619 -1.3078485705685683e+00
620 4.5398780362927160e-02
621 -1.1170903230336202e+00
622 -1.3631073713691749e-01
623 1.1217753744837440e+00
624 3.4814232302734843e-01
625 9.4399161577024204e-01
626 3.5991746777924039e-01
627 5.0784661300529321e-01
628 -1.7614935866318090e-01
629 -5.5819157388730356e-01
630 4.0901308297942779e-02
631 5.9275366048946865e-01
632 -3.7622065664955368e-01
633 2.3229628224453505e-01
634 -1.9235382042692592e-01
635 -1.0760291896948687e-02
636 -5.9471136960054259e-02
637 8.2834573337561779e-02
638 -3.8294724678611863e-01
639 6.2394434302903312e-01
640 -6.6487926120652921e-02
641 -1.0570380643648467e+00
642 -5.8658081499985706e-02
643 -1.1978241330668184e-02
644 -1.1362183983641112e+00
645 -3.8854310558832789e-02
646 1.4474223437731404e-01
647 -4.3892231582683722e-01
648 2.1275919144336108e-01
649 7.6479831296532241e-01
650 4.9983489961913485e-01
651 -3.8920123282780122e-01
652 9.3964651806016963e-01
653 1.3853059981833600e+00
654 -2.1339820589986114e-01
655 -6.3850692089175667e-02
656 -3.3058499825369547e-01
657 -1.8560485416962192e-02
658 2.0519037742901031e-01
659 4.0685231640062391e-01
660 2.2190949887255385e-02
661 -1.7999565143008045e+00
662 -3.9202103619972239e-01
663 2.7075449101156740e-01
664 5.5360920360330390e-01
665 -1.1249837667796242e-02
666 -3.1841941050696343e-01
667 -1.9225998908340358e+00
668 1.2466808935115821e+00
669 1.0051137867035041e-01
670 1.0247999872703324e-01
671 -7.3199760914046319e-01
672 -7.0666686108417187e-01
673 1.7152440811653873e+00
674 -2.7355545009219351e-01
675 9.4643320810356801e-01
676 -2.2992232924762432e-01
677 -8.4238715660010885e-02
678 5.7609313735567258e-01
679 1.0888469000202296e-02
680 2.1999974803518701e-01
681 -3.7564280722509169e-01
682 -2.8765147867244456e-01
683 1.1358870440110889e+00
684 -8.7795744349644378e-01
685 -9.4391807612347806e-02
686 5.1369200597125264e-01
687 -2.9729571594837845e-01
688 -9.1524532931588312e-02
689 7.2712941410675647e-01
690 -3.8290374458922238e-01
691 -1.1082902791375389e+00
692 -1.2172118656765603e+00
693 3.6858660165027290e-01
694 4.4930840609524986e-01
695 -3.0728241747070068e-01
696 3.0166384301058347e-01
697 -5.0288733450343681e-01
698 -2.7664634804233285e-01
699 -1.5039189842629860e-01
700 1.1224825048945160e+00
701 -7.1512127819903226e-01
702 2.9630317131819350e-01
703 2.4016039696105924e+00
704 -1.4993088622226586e-01
705 -2.8606870256870691e-02
706 -1.0233213331823303e+00
707 8.0895262907301857e-01
708 2.2864567726716162e-01
709 -8.3148698552122502e-01
710 4.5842019153194963e-01
711 -3.3227510104843777e-01
712 6.8459753510689347e-01
713 -1.3321614693031578e+00
714 5.0676657014466664e-02
715 -2.7363134061087074e-01
716 -1.8716904555161432e-01
717 8.8397604794680196e-01
718 1.0734003770868734e+00
719 -1.1527097410986882e+00
720 -5.4986730254297489e-01
721 -2.4827832722164689e+00
722 -9.5265296648330100e-01
723 1.5163508866522029e+00
724 -9.2275153606442961e-01
725 2.7720295802167039e+00
726 3.5296812254732218e-01
727 1.5051808483983034e-01
728 9.7066876284514003e-01
729 -5.6434265998251598e-01
730 9.0734020015815731e-01
731 -2.6166278964595500e+00
732 3.7232939761046902e-01
733 2.9098265634020430e+00
734 -1.8508249412009486e-01
735 -2.7450895524267493e-01
736 -1.8089705215759697e-01
737 -3.4672677372251451e-02
738 -2.6618262997167550e+00
739 9.5012904092285355e-01
740 8.6864654606233394e-01
741 -4.9804362454832196e-01
742 -2.7126375795671769e+00
743 1.6224211983711998e+00
744 3.6859804018860937e-01
745 -1.7006216141063801e+00
746 4.6687727320621510e+00
747 -1.1222944134406061e+00
748 -7.4604334848827281e-01
749 -1.8744215720033097e-02
750 -2.0505924604366927e+00
751 -1.5856434648772466e+00
752 -3.4984031959004467e+00
753 3.4530866052626177e+00
754 4.3499567238474368e+00
755 1.7738292540358647e+00
756 2.3688272161215469e+00
757 -1.9397446579148936e+00
758 -6.3654300528579935e+00
759 2.7322151091032348e-01
760 2.1590697491151700e-01
761 -1.6996212971110514e+00
762 9.3849871704491949e+00
763 6.6364661962866689e-01
764 3.1473636643907943e-01
765 -6.8332595225484978e+00
766 -3.5393957986976765e-01
767 5.1271871693374982e-01
768 -5.3637181909910900e+00
769 7.2376182048146642e+00
770 3.8781265194020920e-02
771 -2.1321348377344100e+00
772 -5.4074507231036750e-01
773 1.0764057052828178e+01
774 -1.2553803316513839e+01
775 -5.0986182502201922e+00
776 4.1121426172815561e+00
777 -7.6452195272947088e-01
778 8.0918184803259265e+00
779 -8.0060567563329208e+00
780 2.0286689598992172e+01
781 -2.0517405325421429e+01
782 -3.8474386229972102e+00
783 1.0284297022658624e+01
784 -8.7872816237223557e+00
785 1.3419683735116301e+01
786 -6.1786032908138200e+00
787 1.6769126525794103e+01
788 -1.9277781152361342e+01
789 1.1752125888607516e+00
790 -2.4917242839294222e+00
791 -4.2801980020421126e+00
792 4.8289617602136863e+00
793 8.5009931726943453e+00
794 1.5125651447142531e+01
795 -2.0815588227260463e+01
796 1.3525404746566343e+01
797 -4.0288745364697590e+01
798 8.7823501136450552e+00
799 1.6588459717566973e+01
800 1.4542999867384777e+01
801 1.3700285635126546e+01
802 -2.6870658165790765e+01
803 7.9751665303778827e+00
804 -4.6007277636313006e+01
805 1.2050012157581959e+01
806 4.0974017431773049e+01
807 1.5106479137894311e+01
808 -3.4704986230001900e+01
809 1.9847108389834862e+01
810 -1.5899163724420976e+01
811 -3.3700072928801603e+01
812 3.1618478649282565e+01
813 -7.4243021065637409e+00
814 5.2405048167249561e+01
815 -6.5216612860397319e+01
816 6.3915948743592509e+01
817 -4.6697361508300395e+00
818 -9.1261569949155543e+01
819 4.6833317011157462e+01
820 -2.7390585327653238e+01
821 3.4987253018410705e+01
822 -7.1057145499438947e+00
823 7.3656306085231805e+01
824 -6.7241788337526414e+00
825 -5.0159956567277888e+01
826 -5.2688581465088632e+01
827 -2.2029904984384462e+01
828 4.1184999600383541e+01
829 -3.7567029188589252e+01
830 1.4109398337201279e+02
831 -7.2310889881337999e+01
832 8.8260208609737788e+01
833 1.6468940376656949e+01
834 -1.8956785732103077e+02
835 3.1441740378399114e+01
836 -1.7071547689284384e+02
837 1.4389364280278673e+02
838 1.3768226661726627e+02
839 1.3610796014676873e+02
840 3.2595477704626362e+01
841 -2.8368209879722951e+02
842 -3.3072664292198645e+01
843 -8.6543215002922906e+01
844 -3.1555972917407249e+01
845 1.5207223717793056e+02
846 3.3200672802420416e+02
847 -1.1290609956037447e+02
848 -1.4197746617133814e+02
849 -5.4510739441598254e+01
850 -7.3934858169823841e+01
851 5.5628191821105318e+01
852 -1.3547249522454993e+02
853 3.5732820657344928e+02
854 -2.4337432738804176e+02
855 4.8809264879654997e+01
856 2.0521117525573879e+02
857 -1.9785235041958606e+02
858 -5.1114968505519123e+01
859 -4.8679575054754167e+01
860 3.2935324739209341e+02
861 -1.6396783872971244e+02
862 -6.0624046316795692e+01
863 -3.7265584448607007e+02
864 3.2574603714150555e+02
865 -1.2507324678227344e+02
866 3.9671768354701652e+02
867 2.7125426126698494e+02
868 -5.1272970518112436e+02
869 6.2644889024535473e+02
870 -1.3869126324081453e+03
871 6.5244371937375001e+02
872 -1.5457198589612523e+02
873 -5.9828685348588969e+01
874 5.6961623994709078e+02
875 -3.3710188388419215e+02
876 1.1174444756252713e+03
877 -8.8289144918592990e+02
878 5.9724582490117928e+02
879 -7.3881200501677267e+02
880 -9.2485904117990640e+02
881 -1.0999780436669137e+03
882 1.6720511959639632e+03
883 1.5446359949573757e+03
884 -5.5499722200702615e+02
885 1.7443574110806915e+03
886 -2.3997454280011061e+03
887 -2.4089161329123132e+02
888 -2.0920898216473029e+03
889 1.2265092053169201e+03
890 1.8455697150709925e+03
891 -1.1856209009627080e+03
892 2.5447683571425305e+03
893 -1.0771057899463265e+03
894 -1.1054669899974745e+03
895 -1.1685039125763785e+03
896 5.1056260894377942e+02
897 -1.6261789538086654e+02
898 2.2577411972326454e+03
899 2.1026794794630533e+02
900 -7.1124064376272813e+01
901 -1.6050931511197066e+03
902 -3.8512716835646138e+03
903 2.5611451609438568e+03
904 -1.2598649854293781e+03
905 6.8182546675257963e+03
906 1.5920956033793686e+02
907 -2.5095184860624495e+03
908 1.3881295539628456e+02
909 -5.3725940862376137e+03
910 -9.2025608005522349e+02
911 -2.8786988422638609e+02
912 6.3833244041265807e+03
913 -2.1002329859185156e+03
914 1.4686789318057968e+03
915 3.7028101641853009e+03
916 2.7400043115772351e+03
917 -5.7072059176560142e+03
918 -6.7420811596125723e+03
919 4.3575844037670850e+03
920 -1.4040065450267830e+04
921 1.0251538613258488e+04
922 8.3183460108104355e+03
923 3.1652030793538233e+03
924 1.3480652577410585e+03
925 -8.5886522893672773e+03
926 1.1493778678261458e+04
927 -2.0024078337996838e+04
928 7.4119525940090068e+02
929 7.6264778522412462e+03
930 -7.0929192255065218e+03
931 2.6384288927143443e+03
932 1.8900694883751762e+03
933 9.5346654604946798e+03
934 -2.2208328808992710e+03
935 1.1149507565507587e+04
936 -6.6664615472320993e+03
937 -4.8173370462399873e+02
938 -1.6964215565484828e+04
939 -8.3667477597258112e+03
940 -8.3488806650257793e+03
941 -1.5454116158661102e+04
942 5.5216138846761874e+04
943 9.5377330598969256e+03
944 3.1966070263325466e+04
945 -4.0091236954109427e+03
946 -6.0061458724298987e+04
947 -4.2201667607167052e+04
948 -1.2255331606274731e+04
949 3.0726940878333076e+04
950 1.5429894006678356e+04
951 4.7149744667769250e+04
952 3.1529316483262784e+04
953 7.1584058334513443e+01
954 -8.3458154069945187e+04
955 3.5510450878617128e+04
956 -3.0802038446823135e+04
957 -6.4687663990656234e+04
958 6.7433169583735056e+04
959 -1.7578184350559313e+04
960 6.7131477383711594e+04
961 -4.2025593246003169e+04
962 8.2812294510862252e+04
963 -3.0799921239735919e+04
964 -1.0088830212669990e+05
965 7.0385706405144141e+04
966 -7.8397499258770840e+03
967 -1.1588857456860032e+04
968 -8.1597449858671345e+04
969 1.0609383702547506e+05
970 -8.6023924696651418e+04
971 6.7107505350247826e+04
972 3.2042208626024523e+04
973 9.5017954787051440e+03
974 6.8437092151935867e+04
975 -1.1825467247384178e+05
976 1.6060590168698705e+05
977 -2.8748210432660714e+05
978 1.4199795908061496e+04
979 -4.5665742860090591e+04
980 -6.8600632773802237e+04
981 3.2587916501117498e+05
982 1.2942047471019656e+05
983 1.5299269500438598e+05
984 -2.0615973414704893e+05
985 -1.5045303519875329e+05
986 -3.2673170293318940e+05
987 -1.0558993992509694e+05
988 1.9764587276864730e+05
989 3.8166433812159149e+05
990 -7.3789271824835305e+04
991 -3.2431182170188786e+04
992 3.6693976629086025e+05
993 -4.8751171398331353e+05
994 1.1841014145273712e+05
995 6.1219524206367096e+03
996 -2.8445408131696513e+04
997 -3.4018503898317716e+05
998 -2.0032594064542363e+05
999 5.2345235066954413e+05
1000 -2.5073630469280801e+05
1001 2.1675941267887657e+05
1002 6.0414705739281850e+05
1003 2.8315799887659948e+05
1004 -6.5768758038871433e+05
1005 9.3878016365341391e+04
1006 -7.6674444684971380e+05
1007 -8.8622021151063242e+05
1008 3.5644810122922872e+05
1009 3.2927890310945903e+05
1010 1.8224405976018051e+06
1011 -3.9748634572019457e+05
1012 7.4340275347431283e+05
1013 -3.8757606727171026e+05
1014 -1.7716832448431316e+06
1015 2.8256634929614275e+05
1016 -1.6211627143357689e+06
1017 6.3029840918899269e+05
1018 4.3839245173875999e+05
1019 1.3229190546646237e+06
1020 1.1976448690790068e+06
1021 8.6642838827883813e+05
1022 1.9554531328108580e+04
1023 -2.8826286065588947e+06
1024 -1.6394744066274271e+06
1025 -1.4372777406355555e+06
1026 2.2388244524208722e+06
1027 1.6077223587952938e+05
1028 3.6575690785852992e+06
1029 6.4977689964683761e+05
1030 -3.7700083275238848e+06
1031 1.5743067006014180e+06
1032 -1.9571345677554701e+06
1033 9.7933472484061774e+05
1034 -1.9664250896522908e+06
1035 2.2038407460558740e+06
1036 1.1784722121985499e+06
1037 -3.9510114884413057e+06
1038 1.0386587098778622e+06
1039 1.5577023125648140e+06
1040 2.6152869171697399e+05
1041 5.3612130474371160e+05
1042 5.0440565801095143e+06
1043 -4.1268212263961001e+06
1044 -1.2352485064068835e+06
1045 -6.4615699738313984e+06
1046 4.6520520634350170e+04
1047 1.7508677143966532e+06
1048 6.8102666991781292e+05
1049 1.4315561012427451e+07
1050 -5.7230116248745741e+06
1051 6.4062194743537006e+05
1052 -7.9783420702293245e+06
1053 -2.3924857656193539e+06
1054 2.3370949893191657e+06
1055 -1.4363273426754947e+06
1056 8.2699309231553110e+05
1057 -2.2064817874889732e+06
1058 1.0325579104326861e+07
1059 -6.2240279679482589e+06
1060 1.1931761760576867e+07
1061 -8.4835833796748333e+06
1062 3.5354854152131481e+06
1063 -1.0676153853398375e+07
1064 -1.0840393833497394e+07
1065 2.5053780702735197e+07
1066 -2.4772713008602936e+07
1067 1.8629645453243602e+07
1068 -3.9853274835167318e+06
1069 3.1880940254323621e+05
1070 4.6525775920405202e+06
1071 2.5267352609621143e+05
1072 2.4812713673022546e+07
1073 -2.8678909781694781e+07
1074 -1.3385754774116583e+07
1075 -8.6127833594037257e+06
1076 3.1639244323299672e+06
1077 -1.5880963033401296e+07
1078 3.9761479066012174e+07
1079 2.7116828754966609e+07
1080 7.3999236613230696e+06
1081 1.4683029923185911e+07
1082 -5.7604600678071469e+07
1083 -1.7781966052949019e+07
1084 -7.1579584862588659e+07
1085 2.0856495310947213e+07
1086 6.4911545301206514e+07
1087 5.2246577529673986e+07
1088 6.4858349257713802e+07
1089 -4.4833420732677937e+07
1090 -6.0035847436427936e+07
1091 -6.4469958557398677e+07
1092 -2.8223501431397904e+07
1093 9.8402069685504045e+06
1094 1.1050784362264490e+08
1095 -1.2501343613495933e+07
1096 1.0474474301449768e+07
1097 1.7614966158564627e+07
1098 -2.9956713932825319e+07
1099 2.7651466113995366e+07
1100 -1.4890238760323679e+08
1101 1.3559924089633504e+08
1102 -7.1811731666738525e+07
1103 -5.3634496835656472e+07
1104 1.5063082826538381e+08
1105 -4.1993122462094374e+07
1106 3.9068224827870138e+07
1107 -1.1939651135415797e+08
1108 1.3376659354997699e+08
1109 -5.9877934839172542e+07
1110 -3.5054353505539745e+07
1111 3.7969759449298337e+07
1112 -9.3595936471338617e+05
1113 -8.8520933734996513e+07
1114 -7.7634672603457242e+07
1115 3.4292942382227927e+08
1116 -2.9378629855652273e+08
1117 2.0030515781232908e+08
1118 -6.7811567694244772e+07
1119 3.0529719787702862e+07
1120 1.4086976313029858e+08
1121 -4.4401344999426061e+08
1122 2.3968525236428031e+08
1123 -3.8687370034465986e+08
1124 3.7690029300090343e+08
1125 2.6689702441677907e+08
1126 -4.2507616497971248e+06
1127 1.2344341606109765e+08
1128 -3.7784612058095253e+08
1129 -5.1159135789526069e+08
1130 -5.0405744362006418e+07
1131 7.1633914304447770e+08
1132 -1.8293728718497012e+07
1133 5.9694298819619048e+08
1134 -4.9706692346269149e+08
1135 -2.6666921848490623e+08
1136 -8.3181970493783939e+08
1137 1.2699433154486297e+08
1138 1.5088161370136747e+09
1139 -8.9375076961226535e+08
1140 7.3582781187272263e+08
1141 1.0169014841789661e+08
1142 -4.6144921427193052e+08
1143 -1.3847901399580138e+09
1144 2.4421653556549069e+08
1145 5.8851750120395362e+08
1146 6.0458319365279071e+07
1147 1.1712285071706879e+09
1148 5.1753950283931553e+08
1149 2.3472786879430440e+08
1150 -3.5812132287623219e+09
1151 1.5940063154054749e+09
1152 -1.2283708766293552e+09
1153 -1.3851265587786427e+08
1154 2.9535249170870004e+09
1155 -6.4467460356810081e+08
1156 2.1571322017873149e+09
1157 -3.4494922105092168e+09
1158 1.6007256824597042e+09
1159 -1.3838696072805321e+09
1160 -1.9225757065929477e+09
1161 1.2094375175147057e+09
1162 -1.2093576049130838e+09
1163 2.9242438126913743e+09
1164 2.4753838972787414e+09
1165 2.2199208353292422e+09
1166 -5.4532808920091429e+09
1167 -1.7607840687591365e+08
1168 -4.1764699064404116e+09
1169 -9.6751851206937301e+08
1170 5.4429353734936056e+09
1171 2.7749794831272364e+09
1172 4.6643897156553516e+09
1173 -9.2018082978339901e+09
1174 3.9327256055576396e+09
1175 -3.1525091338299832e+09
1176 -6.6333079770535994e+09
1177 9.0915292630296211e+09
1178 2.0106969564867501e+09
1179 -3.1161654166516171e+09
1180 -2.9094918500442257e+09
