1 1.0000000000000000e+00
2 -3.2036259683054724e-01
3 5.6850010835358034e-01
4 -8.9657200462140396e-01
5 -6.2088108654037785e-02
6 -1.9209472516907258e-01
7 1.0311441670508674e+00
8 8.1962855763132725e-01
9 -7.0390087510033339e-01
10 2.7535169001026451e-02
11 -5.5974815626954044e-01
12 -4.9443594755656789e-01
13 1.1446470915319189e+00
14 -3.3352018225306002e-01
15 -6.0320172501628119e-02
16 6.7997061842587680e-01
17 3.8723155289177813e-01
18 2.0727805636129498e-01
19 -1.3868065106496996e+00
20 5.0494785717886223e-02
21 5.7163690289482105e-01
22 1.9468576766944681e-01
23 1.1974646386357179e+00
24 3.5218861403757296e-01
25 -1.0064817828431070e+00
26 -5.2932865086483183e-01
27 -9.5026258587294843e-01
28 -8.9159795001753139e-01
29 -1.7755239645289158e+00
30 1.8714414102618787e-02
31 -4.5863726627885321e-01
32 -8.7058111187602605e-01
33 -3.0600879355159194e-01
34 1.5392543797334141e-03
35 -6.6347348780428431e-02
36 6.0920408756156141e-01
37 -1.4607288896265167e+00
38 4.5058062214339833e-01
39 6.3110857642029794e-01
40 -5.5220112612102773e-02
41 -9.0237717833702613e-01
42 -2.0394065251368926e-01
43 1.7394032115082808e-01
44 5.0172064511163572e-01
45 7.4735188759210314e-02
46 -4.1573673319813953e-01
47 -4.1356202269185655e-01
48 3.8396556112601449e-01
49 1.6137203723032584e-02
50 3.2676044841894658e-01
51 2.1814407741177555e-01
52 -1.0100149917219550e+00
53 1.1568498163506927e-01
54 2.0763866279802556e-01
55 4.5269969079225258e-02
56 6.5829455329893716e-01
57 -7.7969596742647451e-01
58 5.5696943176681046e-01
59 -1.0107681950401342e+00
60 5.6278275863025619e-02
61 1.4058168341659953e+00
62 1.7555025926042392e-01
63 -7.2997888897558383e-01
64 -3.8088868442564860e-01
65 -6.5076752722330489e-01
66 1.1094070207897430e-01
67 4.9100294901216174e-01
68 -3.3649189528133228e-01
69 6.6412688570276224e-01
70 3.4399007782994845e-02
71 -7.7399586409332477e-01
72 -4.5916197858941565e-01
73 3.6322519965130534e-01
74 5.1791105156433703e-01
75 -5.4662986871595409e-01
76 1.2279496346360552e+00
77 -5.7371110520186697e-01
78 -2.6206320179570719e-01
79 -6.0503944262167930e-01
80 -5.6314107745705839e-02
81 1.9315131234796898e-01
82 1.8041531701687996e-01
83 9.8579292970990251e-01
84 -5.1954617467994912e-01
85 -1.0047421802590231e-02
86 -1.3733698943462202e-02
87 -9.7583414517318190e-01
88 -3.5955206786399985e-01
89 1.1093500718710185e+00
90 -1.4435463256627918e-02
91 1.1750601429176690e+00
92 -1.0866267007697070e+00
93 -2.9871189732657782e-01
94 1.6094214726112485e-01
95 3.6535101276951268e-02
96 -4.8513230633299825e-01
97 1.1753888166013967e-02
98 -1.5392727537691504e-02
99 3.9963449578700982e-01
100 8.8406986357025352e-01
101 -1.1842923836468110e-01
102 -8.0920061106948937e-02
103 -1.6527143556652046e+00
104 7.0182058951228499e-01
105 -4.0468925703185755e-02
106 -6.5147033942952251e-02
107 -1.1348132107529470e-01
108 8.3846313473140599e-01
109 4.1242226760542089e-01
110 -1.7778914220911848e-02
111 -8.4557327494323631e-01
112 7.0387761608181831e-01
113 -1.5944545098873544e+00
114 2.6011099274833260e-01
115 -1.6828568069313665e-01
116 1.5669550865153776e+00
117 -7.8465680385340841e-01
118 4.2166484745177463e-01
119 3.9662587309051522e-01
120 -2.5881230988032002e-02
121 -6.8789102435556815e-01
122 -4.7278761143207693e-01
123 -2.9805980557842265e-01
124 4.9756200458669930e-01
125 1.1402655958554324e-01
126 2.5163600173782535e-01
127 -5.5008877140611590e-01
128 1.0063237256879960e+00
129 1.3433557333804008e-01
130 1.7480790243760518e-02
131 -2.8224201637585394e-01
132 2.8218132754514141e-01
133 -1.4465216248419268e+00
134 -1.6560657431356113e-01
135 6.5684394875769728e-02
136 2.4819857730436076e-01
137 1.7075141784889762e+00
138 -2.1187292454509363e-01
139 -4.5879285163683409e-01
140 1.6326721960888441e-02
141 -4.4949881125699637e-01
142 1.6972527465684750e-01
143 -6.7033989077454614e-01
144 -4.8483635013036536e-01
145 1.1098030613790433e-01
146 -1.2188594659511520e-01
147 3.4191821229398643e-02
148 1.3710400963952838e+00
149 -8.4456148147813617e-02
150 1.8402539829004297e-01
151 1.6916375928446397e-02
152 -8.6862919817089113e-01
153 -2.6293891755641885e-01
154 1.8127267634456062e-01
155 1.0992922958140644e-02
156 -5.3180205444485762e-01
157 1.6426286804915846e-01
158 1.9593032548516745e-01
159 4.9713729069231390e-02
160 4.6590858334204080e-02
161 1.2552086807494340e+00
162 -5.0230156433779247e-02
163 -1.1222213243609063e+00
164 4.8746944053387248e-01
165 2.1780564119490354e-02
166 -3.2408245170101635e-01
167 -1.3477708672460120e+00
168 3.6199548112610486e-01
169 2.8683298670752755e-01
170 2.7970411505333437e-03
171 9.7957151046308044e-01
172 -1.6004284191435311e-01
173 8.9950555546331556e-01
174 2.8917243087925942e-01
175 -1.0267801418166522e+00
176 -3.3454686698139091e-01
177 -6.1802476427204767e-01
178 -3.8723045268110373e-01
179 1.2118234848765976e+00
180 -5.8827392170713373e-02
181 -7.1017698911897698e-01
182 -3.9337055744858845e-01
183 7.8304964138698574e-01
184 7.6634531013275786e-01
185 1.0714350704617932e-01
186 1.0465821039286068e-01
187 -2.1924459394076576e-01
188 3.7078091001981689e-01
189 -9.5789916370020578e-01
190 -3.7648595646627835e-02
191 -8.8255188940422447e-01
192 -2.2195578673970587e-01
193 1.1118022223513397e+00
194 2.0402865892850796e-02
195 -4.5982333281093336e-02
196 -6.8694594187649199e-02
197 1.1058773809157937e-01
198 -1.3972131964492132e-01
199 1.5068203702358602e+00
200 -6.1451705509254417e-01
201 3.5374326259481775e-01
202 8.7857168045937361e-03
203 -1.8203928905467184e+00
204 -1.7364014528093932e-01
205 4.3853232424623100e-02
206 5.6169860882624467e-01
207 -8.6553936413954569e-01
208 7.7051895497509815e-01
209 7.9143856507901977e-01
210 3.1248289779544926e-03
211 6.4272632757196591e-01
212 -1.1578387010896807e-01
213 -4.1991725276936648e-01
214 3.7163469759766157e-02
215 -1.1955974261182264e-02
216 -5.7531485987679909e-01
217 -5.7152990661730096e-01
218 -1.3325041941330562e-01
219 1.8439874757270844e-01
220 -2.3272701215797713e-02
221 4.2524981624733244e-01
222 2.6021719417438138e-01
223 3.4247684480497259e-01
224 -8.7932818575462057e-01
225 6.9244380859963583e-01
226 5.4875453300212129e-01
227 -9.3249123588355895e-02
228 6.8420527455514790e-01
229 -1.0883062958195964e+00
230 -1.4866410147205039e-01
231 -5.0643745995939660e-01
232 -1.0969752071704706e+00
233 4.4879362362751821e-02
234 2.6501022387389994e-01
235 4.2912794823066785e-02
236 1.1314474571488846e+00
237 -3.4341126158633056e-01
238 -1.3056391801883013e-01
239 9.8150829238947879e-01
240 -2.4639916740271731e-02
241 -6.9205843639841702e-01
242 2.1457827818138525e-01
243 1.0600132546463663e+00
244 -1.2365249257162525e+00
245 -1.5291369880635385e-03
246 9.8046504503072118e-02
247 -1.5918648705432545e+00
248 -3.5375822831618836e-01
249 5.3017829659574067e-01
250 -4.4418657986942098e-02
251 1.6494721562639569e+00
252 6.4137478782826307e-01
253 -6.8471526028682439e-01
254 2.0397421576540659e-01
255 -1.3747691913239780e-02
256 8.6425471718726915e-02
257 2.3990960246160351e-02
258 -3.7961222625638259e-02
259 -1.5837182297233139e+00
260 7.4558985854195403e-02
261 1.2237375157262880e+00
262 7.6727594451805325e-02
263 -1.2644605257210233e+00
264 -2.0611183175151435e-01
265 -9.7748276857232905e-03
266 4.8067961646795454e-01
267 6.0567505319102521e-01
268 -4.2221972839861605e-01
269 1.6138747611157049e+00
270 -1.4447937578383700e-02
271 -1.2211551851259839e+00
272 2.5600958037494997e-01
273 6.4759061785853433e-01
274 -5.7319719422666437e-01
275 5.4653993800390110e-01
276 -5.8656619080023109e-01
277 -1.7245724754312322e+00
278 1.6218924869983523e-01
279 3.8231373521666895e-01
280 -4.1752775064608755e-02
281 3.7809999477855077e-01
282 6.2278511448315026e-02
283 5.4266257373340476e-01
284 6.7028510226108418e-01
285 4.5073240975472051e-02
286 2.1739959293260577e-01
287 -5.5782645547829612e-01
288 6.0317909132735736e-01
289 -8.6466276312906798e-01
290 -2.3676979943484850e-02
291 9.8966362480733625e-03
292 -3.0591396720313280e-01
293 -4.5809589164377496e-01
294 -2.3634985940010875e-02
295 6.9160144244073490e-02
296 -9.6656138346069187e-01
297 5.3209100047598923e-01
298 2.4882530472861757e-02
299 1.3760946804153920e+00
300 4.9932566767117031e-01
301 1.7300822044044917e-01
302 -8.0389315323203103e-03
303 -5.3146529171432484e-02
304 -9.4295804073931067e-01
305 -1.0318658588150463e-01
306 6.5474573142481590e-02
307 -1.4637513635715779e-01
308 5.3050249941255656e-01
309 -8.9253555667564621e-01
310 -1.7519208382570713e-04
311 1.7388305057485637e-01
312 3.5141569185349342e-01
313 -1.1066147063493759e+00
314 -4.3653091785658044e-02
315 3.7849622308148201e-02
316 5.1935524872625538e-01
317 8.8335315914257162e-01
318 1.5436737511058582e-02
319 9.6443540772976466e-01
320 1.8983094242187193e-02
321 -5.3200803973224159e-02
322 -4.5265413690083012e-01
323 -5.1462160260498802e-01
324 -1.6376601352821116e-01
325 -1.1128284024418715e+00
326 3.7205243121678816e-01
327 2.2611817085624739e-01
328 -3.6770540319247424e-01
329 -4.6230297014953320e-01
330 3.1604097326288799e-02
331 1.0828303050171082e+00
332 -7.7649588232744771e-01
333 9.3504728168592643e-01
334 3.8542233515728402e-01
335 -8.2659201527910987e-03
336 3.8398758806763972e-01
337 4.5632102570741906e-01
338 -2.4797739862146265e-01
339 -8.4416011247698963e-01
340 -3.3780860487795779e-02
341 2.8225311212659382e-01
342 -1.7195026705213143e-01
343 -1.0880461598501963e+00
344 1.8561621669558437e-01
345 -1.4842346879972418e-01
346 -1.9892017307492249e-01
347 2.4189845640488261e-02
348 8.3280421316666697e-01
349 -2.0209854461340390e-01
350 2.8328944548945223e-01
351 -9.8884125155419222e-01
352 1.6370162868374150e-01
353 2.2435902853057930e+00
354 1.7557240727347731e-01
355 3.8405661815640743e-02
356 -1.0513038739509968e+00
357 -3.3930592561092376e-01
358 2.4566983602214257e-01
359 -1.1938005889747478e+00
360 4.9208643721826451e-01
361 5.5050391883619798e-01
362 -4.4104733600123602e-01
363 2.0882837181437591e-01
364 -1.0827883139505246e+00
365 4.2139471667218487e-01
366 -7.4315489845150284e-01
367 1.0837331420970243e-01
368 6.6661546700402019e-01
369 4.7247463393645056e-01
370 1.4934017695182808e-02
371 -2.4810215570034003e-02
372 9.2261434634345707e-01
373 1.7245402654509892e-01
374 1.1323033518396799e+00
375 -9.3241851212005966e-01
376 3.9187227951567910e-01
377 -6.3161765585228302e-01
378 -1.8082878660263662e+00
379 -4.0124672847482856e-01
380 -1.7510421930173785e+00
381 2.4379122441789534e+00
382 2.0475833350796147e+00
383 -1.7995469543686531e+00
384 -8.0603946814626903e-01
385 -1.3043417408820834e+00
386 1.5795686999103058e+00
387 2.4136298919451651e+00
388 8.4227148405815327e-02
389 -2.8289879282640844e+00
390 1.4473035643438699e+00
391 -9.7528922829803111e-01
392 2.4922381308205122e+00
393 -2.1951004579284349e-03
394 -3.8515589943190691e+00
395 6.5931779469620917e+00
396 -6.1051426380029392e+00
397 2.2064428605397084e+00
398 -3.1819006390620563e-01
399 -1.5300266183505866e+00
400 3.0958031727410624e+00
401 -5.4197801578123741e+00
402 -3.4079010962187892e+00
403 5.0677674594426829e+00
404 1.3356540675230022e+01
405 -6.2603949745787792e+00
406 -3.9954559190585575e+00
407 -2.7209249702272412e+01
408 2.0583710039455589e+01
409 2.3803139778933282e+01
410 -1.1531556999706496e+01
411 1.8914590401053729e+01
412 -6.0278516364267880e+01
413 2.8471035582511295e+01
414 8.1974042532996076e+00
415 2.4645505534390838e-01
416 2.6116416274897464e+01
417 -5.6432358848664258e+01
418 5.3362522297694007e+01
419 -4.0597921250188953e+01
420 8.5547208041536180e+00
421 -1.1684698338679333e+01
422 4.0995560594589435e+01
423 -7.0054101757472393e+00
424 -6.1156705861228026e+01
425 8.2417942675282603e+01
426 -9.6733863050808168e+01
427 1.9484540449184493e+02
428 -1.9724649123136388e+02
429 2.7627208170541735e+00
430 3.1851219565130002e+01
431 -9.3176219703146344e+01
432 5.1333341236445153e+02
433 -4.7374339880266837e+02
434 3.2958725544467427e+01
435 -1.8324213507972303e+02
436 1.2890428434126198e+02
437 4.7262426686212609e+02
438 -4.5986803567745596e+02
439 3.1557944291055378e+02
440 -5.2175759253470926e+02
441 3.0583491046376338e+02
442 -1.5427535639721452e+02
443 2.8640552311242715e+02
444 -2.7755501582058870e+00
445 -4.0598871800992646e+02
446 9.3591732683071302e+02
447 -1.5440601314137352e+03
448 1.3262020328852470e+03
449 -7.8721277407963464e+02
450 7.8865981024621624e+02
451 1.4899074467202840e+02
452 -2.7212030011807524e+03
453 3.5117881423568128e+03
454 -1.7215001813431584e+03
455 1.8772629328440230e+03
456 -1.8039300788913488e+03
457 -2.1128758833624188e+03
458 2.6036375358682008e+03
459 -6.7460556668212962e+02
460 4.2677064593910700e+03
461 -4.3992207719753496e+03
462 -6.9589564735839110e+02
463 -1.6762009748138271e+03
464 4.4301350118199789e+03
465 3.4120833094125516e+02
466 -3.6804957463989485e+03
467 6.2581050538575755e+03
468 -9.4921882033102011e+03
469 8.7237174162763167e+03
470 -8.0473296117303589e+03
471 4.3219293252591860e+03
472 7.3366263811421213e+03
473 -1.4387861119591738e+04
474 1.4150859526994744e+04
475 -1.7508663655382647e+04
476 1.2462641500269929e+04
477 8.5736031664547954e+03
478 -9.1385002265856710e+03
479 -7.3683691042591736e+03
480 -1.2984577747763691e+04
481 2.4823984838623772e+04
482 1.3087898160823343e+04
483 2.0729820486504047e+02
484 -4.4656230085139221e+04
485 1.3741273104668517e+04
486 -4.4733480714571679e+03
487 3.2922980570797452e+04
488 2.6581736982594550e+04
489 -7.5502206828300303e+04
490 4.5664538625407738e+04
491 -4.6349915660557970e+04
492 3.9086996369342203e+04
493 6.8800369958506235e+03
494 -3.2647071765575070e+04
495 6.9024295982770724e+04
496 -5.8348070532605670e+04
497 -2.9502724216555071e+04
498 1.4806325568488692e+04
499 7.5225644353287615e+04
500 -4.5431397111473132e+04
501 6.6011699575923878e+04
502 -2.4654642443222055e+05
503 1.2095250428517992e+05
504 2.4192987697057720e+05
505 -1.5439768975248115e+05
506 1.7587581748222790e+05
507 -7.2647179025986826e+05
508 4.6563320357812446e+05
509 2.7077642277405492e+05
510 -6.8738241842113566e+04
511 2.1460771860048923e+05
512 -9.0037462724412628e+05
513 4.4815097982298373e+05
514 -1.3070564934216875e+05
515 6.6299792411706573e+05
516 -4.1113088592975878e+05
517 6.5093139729519156e+04
518 -1.2263290614254121e+05
519 -3.6616357408873254e+05
520 8.1013182002768118e+05
521 -1.8600742719584680e+06
522 3.6047125877796877e+06
523 -2.7327932815058883e+06
524 1.3572213527953677e+05
525 4.8083249676885840e+05
526 -2.2090257117820764e+06
527 6.6552868979462096e+06
528 -6.6749718416033275e+06
529 3.1028200774929365e+06
530 -3.7492262255233042e+06
531 8.5663839856402320e+05
532 8.4164144893611260e+06
533 -6.5718749103490934e+06
534 1.0153233135788356e+06
535 -9.9923986604081374e+06
536 1.2481949377013326e+07
537 -2.4500281959860250e+06
538 4.0437534494987833e+06
539 -4.0615727787891482e+06
540 -8.8885764882289935e+06
541 1.6030791179678576e+07
542 -2.5751228394372713e+07
543 3.7051201230671987e+07
544 -2.6746364029952295e+07
545 8.9677466392191052e+06
546 1.3315674070656182e+07
547 -4.7322674943533324e+07
548 5.3806258955385193e+07
549 -4.5289428659187816e+07
550 6.3632087799116433e+07
551 -3.6998722117770858e+07
552 -4.7095059068376683e+07
553 5.0434163378365219e+07
554 -1.1445395079087432e+07
555 7.3094870655258507e+07
556 -1.0225612241568102e+08
557 3.2390140957902852e+07
558 -7.3710937798521757e+07
559 1.1433082123749849e+08
560 4.2703141318700239e+07
561 -1.0819751405574279e+08
562 7.0447992550352216e+07
563 -2.5642842906067419e+08
564 3.7864703923291188e+08
565 -1.9382087348380056e+08
566 1.8187085152396169e+07
567 1.5647968312339160e+08
568 -3.5611898117968416e+08
569 3.7685656990866476e+08
570 -4.3320239838219422e+08
571 3.8812498654529089e+08
572 5.2467859482227504e+07
573 -1.7828183730825853e+08
574 1.3317631610839792e+07
575 -3.8449138810590565e+08
576 3.7975351848162472e+08
577 1.9597059407633629e+08
578 5.2170141213280487e+08
579 -1.3731872031571198e+09
580 2.8306687116483426e+08
581 1.1166138698933427e+08
582 7.7955912810797846e+08
583 7.7682952221325099e+08
584 -2.6802445892924500e+09
585 1.4869652425133815e+09
586 -1.1243690104303308e+09
587 1.7237751081878438e+09
588 9.4250213437317121e+08
589 -2.7079047627189441e+09
590 9.8984419734381020e+08
591 -7.5255745838165307e+08
592 8.7744031617207086e+08
