1 1.0000000000000000e+00
2 1.4402499555255168e+00
3 -2.4352500223868798e-01
4 1.4057005290663300e+00
5 3.5912059519404743e-01
6 -1.8573685008618132e-01
7 -1.8992977876269821e+00
8 4.0965398503278727e-01
9 -5.0273119896350138e-02
10 7.4229884979452820e-01
11 8.9626090248533197e-01
12 -4.7282423743330981e-01
13 -2.7839617428548874e-01
14 -2.7265939645758124e+00
15 -7.8178166022561321e-02
16 -6.9917361285144342e-01
17 6.7679700772821483e-01
18 -1.4795534099859049e+00
19 -3.0797669294428942e-01
20 4.9020046237812320e-01
21 3.4307584285319992e-01
22 1.1406149584571819e+00
23 7.0319426792656306e-02
24 -6.8584184304462975e-02
25 -1.3605618880994241e+00
26 -1.4194130608322109e+00
27 6.4496158433962913e-01
28 -2.3842546051069218e+00
29 -4.6326716468778401e-01
30 -4.3188336889743861e-01
31 -2.6135232855255447e-01
32 -1.2364655508485762e+00
33 -3.2102097667954460e-01
34 1.1470308570031953e+00
35 -6.3790787421839046e-01
36 -2.8798064006119839e+00
37 1.4154439775496761e+00
38 -5.0551072675799247e-01
39 1.1567109884901705e-02
40 -1.1114752610778853e-02
41 -4.4986651982545500e-01
42 4.1400760838859646e-01
43 -6.3763483692965939e-01
44 1.0659638532372406e+00
45 -3.7980944925396398e-01
46 2.2584247871029708e-01
47 -1.0772695714428733e+00
48 1.8737674226516743e-01
49 2.2683159212179995e+00
50 -1.3162603922834031e+00
51 -1.3637619040318616e-01
52 -4.2761874216135776e-01
53 1.1411838955796825e+00
54 4.2060866443556394e-01
55 2.5321209579887866e-01
56 -8.7740030332369467e-01
57 7.1888758289128529e-01
58 -1.0174101586548585e+00
59 1.4395780697110261e+00
60 -1.0970000669393097e-01
61 -5.1528657860113036e-01
62 -3.1246934042503194e-01
63 1.2219165498372164e+00
64 -1.4860967423275437e+00
65 -2.4925641208917571e-01
66 -1.4673485409708850e-01
67 5.6128786175631995e-01
68 9.5903778753938707e-01
69 -5.2264590492846597e-01
70 -9.0255960540608282e-01
71 -2.1927111428337490e-01
72 -3.8195997501530610e-01
73 -3.6826561561939880e-01
74 2.0190319713598632e+00
75 1.6457596703858008e-02
76 -5.9608435209994726e-01
77 -1.5319269148336936e+00
78 4.9665188545366237e-02
79 6.7532035900835086e-01
80 -2.3351546862742756e-01
81 9.5320119399388870e-01
82 -6.7401982130691906e-01
83 -1.9859907016572481e-01
84 -6.8676154907857445e-01
85 3.7484837271686094e-01
86 -9.2427260810507550e-01
87 1.1537608017701621e-01
88 3.4048661401717512e-01
89 -2.6657036173087395e-01
90 -5.3993883287664635e-01
91 1.3392704021247352e+00
92 1.4690427537742592e+00
93 5.0682013698561172e-02
94 -1.8809252961639908e+00
95 -9.1518424851980335e-02
96 1.9999583919243574e-01
97 -6.8689725637252042e-01
98 3.3631647409682888e+00
99 -8.3218261697318419e-01
100 -1.0772370620577070e+00
101 -3.2422664121282319e-01
102 -8.4902225035136636e-01
103 -4.6272694158008848e-01
104 -4.3042323676659910e-01
105 7.3533256736115993e-02
106 1.7873234943575098e+00
107 -5.8830651941117218e-01
108 2.7587817350481908e-01
109 -1.1618972567329708e+00
110 4.6699801226254534e-01
111 -1.4196640268356490e-02
112 7.7271934486633276e-01
113 -1.2832922292396423e+00
114 3.0013524961427906e-02
115 5.5758934586527122e-02
116 -6.9098465590429992e-01
117 9.1446481915433497e-01
118 1.9694515064117906e+00
119 -1.3766997383082185e+00
120 -5.9094574163404464e-03
121 -3.4442429546156661e-01
122 -6.7026720752757096e-01
123 1.7353658466064095e-02
124 -5.2108794578098905e-01
125 -1.0233476731762725e+00
126 2.9617403873403747e+00
127 4.1413601848193599e-01
128 -7.6369419851392617e-01
129 -1.7250376090198475e-02
130 -5.3280100934392860e-01
131 -1.3324906416076587e+00
132 -1.6089437855129116e-01
133 7.6962847816745683e-01
134 8.7727862425769498e-01
135 1.3453306875178389e-03
136 2.4174626167385388e-01
137 -1.2273171132267049e+00
138 2.4100229110798375e-02
139 2.0555634792147695e+00
140 -1.1747082919225491e+00
141 -1.4515464926487903e-01
142 -6.1238211007679358e-02
143 -7.0080146422562428e-01
144 6.9503103180635584e-01
145 -2.1439099982705503e-01
146 -6.2640299361655305e-01
147 -2.6852300253209965e-01
148 1.7107904540656582e+00
149 -2.4144626641967398e-01
150 1.3580660969148595e-01
151 7.6568664167686462e-01
152 -2.8974992622652013e-01
153 -6.4064058070116281e-01
154 -6.3053693004217459e-01
155 -2.5575114386958631e-01
156 1.5957704023398284e-01
157 1.8990754549567761e+00
158 9.0490797142734536e-01
159 -1.5922294575488152e-01
160 -4.9090659937881909e-01
161 -2.4043729048844212e-01
162 1.4724984528486427e+00
163 -1.8027490526179504e+00
164 -5.7486512211139551e-01
165 -5.9240873765273955e-02
166 -1.5225495204188491e-01
167 9.4858270160042468e-01
168 -2.7067209031489448e-02
169 -8.6910175963711520e-02
170 5.5666582453822688e-01
171 2.3681475385567377e-01
172 -4.9662237288749167e-01
173 -8.3966208234020510e+00
174 -2.9421782730282431e-01
175 1.7533781640004429e+00
176 -5.9746207573651844e-01
177 -3.1200473899609554e-01
178 -4.0524591542848803e-01
179 -8.2964474671161292e-01
180 -3.9478672489724970e-01
181 -9.3911717118578542e-01
182 2.5743191480734180e+00
183 1.5696096630651971e-02
184 1.5947072964412293e-02
185 4.6436751143329585e-01
186 3.0017612025852049e-02
187 6.1708881514177749e-01
188 -1.5489881823729870e+00
189 -4.1427921888699243e-01
190 -1.4202508169034883e-01
191 -8.4788727046641865e-01
192 1.3416013986066730e-01
193 1.3378489745775473e+00
194 -1.2491525817216851e+00
195 3.1635950170662902e-01
196 4.0519668471111014e+00
197 1.0218007183839030e-01
198 -1.2641006769096739e+00
199 -1.0439907891243747e+00
200 -4.3512909607620448e-01
201 -1.8191279190328835e-01
202 -2.8184033128442702e-02
203 1.1404639710977076e+00
204 -1.6099013226745840e-01
205 -2.2007175801906026e-01
206 -4.3822922068053149e-01
207 -7.9337436195042174e-02
208 6.1435537193070200e-01
209 -3.3823744380093829e-01
210 1.7334887179665603e-01
211 -1.6237630190595115e-01
212 1.4167663492829481e+00
213 3.0522121099244209e-02
214 -8.1778416715242896e-01
215 -2.5815192876939180e-01
216 3.9786386921458444e-02
217 4.8342026053328235e-01
218 -1.7915603307555616e+00
219 9.0716636536350523e-02
220 3.5913309890321832e-01
221 -5.7695733961945217e-01
222 -2.4404931710934041e-01
223 1.0379101490270612e+00
224 2.6075768901846592e+00
225 9.2011773633162208e-01
226 -1.5627114361913610e+00
227 -3.5512336439096881e+00
228 6.7475211644006461e-01
229 -9.2488014202191227e-01
230 5.1747772522407254e-02
231 1.9061396738938607e-01
232 -3.6396790972963833e-01
233 -4.7646341154327104e-01
234 1.3517904115003729e+00
235 -4.8978987462115908e-01
236 1.7326245120245094e+00
237 -5.9208357297128547e-02
238 -2.0132726797467067e+00
239 1.6223870383220145e+00
240 8.0096354750349208e-02
241 -1.4148299529984409e-01
242 -4.7005002214864799e-01
243 -4.9855890098200484e-01
244 -7.9185125795464339e-01
245 7.8243591591124106e-01
246 9.9155890607239477e-02
247 5.2457201122825126e-01
248 -8.7356143125062929e-02
249 4.6717990700776771e-02
250 -1.0809767321420418e+00
251 -1.5461787427172555e+00
252 2.2590314807318230e+00
253 1.1772882139071644e-01
254 7.0872235507922587e-01
255 1.1730435563547634e-03
256 1.8463022946916541e-01
257 9.0196625011381393e-01
258 1.3163930028638773e-01
259 -2.4683133502002361e+00
260 -4.6398022938430733e-01
261 4.5184474091214816e-01
262 -2.0671068108089496e+00
263 1.5146534587311171e+00
264 9.4702245179585254e-02
265 4.2344145688332913e-01
266 1.0031647600511793e+00
267 -6.0089072928645015e-02
268 6.1841836994306054e-01
269 -2.4955739672990931e-01
270 1.5372877405200935e-01
271 5.1283820780540990e-01
272 -4.5741071049365639e-01
273 -1.8041834482043839e-01
274 -1.7812989895584608e+00
275 -6.9592773054101842e-01
276 -1.5731364974503254e-02
277 4.5792385111482078e-02
278 2.2063350869271003e+00
279 1.5496056231610023e-01
280 -2.8261074442858408e-01
281 -8.1537025835688060e-01
282 3.0095713700305887e-01
283 4.2042447955399009e-01
284 -7.3862590122220503e-02
285 3.9754502119437943e-02
286 -1.1205753598692054e+00
287 8.5720429322187941e-01
288 1.2958686652890841e+00
289 -4.6107480763294101e-01
290 -3.9628323889229833e-01
291 1.1405036384292830e-01
292 -5.9369476730276594e-01
293 -1.0979933259871513e+00
294 -3.1310524814556312e-01
295 5.7380570370535278e-01
296 5.9192130331237847e-01
297 7.1002798653749186e-02
298 -3.5090463842715341e-01
299 -2.0279364275947853e-01
300 1.6005184176346967e-02
301 9.5553222847779840e-01
302 1.2078690311683391e+00
303 1.4342839526060339e-01
304 2.7426680959592731e-01
305 1.2296844716869889e-02
306 -1.1343783043996161e+00
307 -8.2274624498369731e-01
308 -1.7551837031125268e+00
309 8.1996863491513708e-02
310 -2.7165194189393987e-01
311 1.1812069949857702e+00
312 2.8564675266468070e-01
313 -1.4129875731186499e+00
314 2.5055275998939197e+00
315 6.5864401470846301e-01
316 8.9690168522577118e-01
317 -9.9333605935034641e-01
318 -4.7678043842960793e-01
319 -2.6208799455217135e-01
320 -4.4600926140872948e-01
321 -8.4363818246006542e-02
322 2.9824330069216736e-02
323 -2.5148571060135377e-01
324 7.8362387718861393e-01
325 4.6314739421036027e-01
326 -2.1896086978719635e+00
327 6.0407442687879276e-01
328 -7.9627561490309118e-01
329 1.9530512135752418e+00
330 1.3743962126176285e-01
331 -5.8608445832284861e-01
332 -2.6112960824815046e-01
333 -7.7883424793390787e-01
334 1.3571640736237309e+00
335 -4.1466530059576584e-01
336 1.2376455218820309e-01
337 1.1264264987206403e+00
338 -3.8492296419788735e-01
339 -7.0589943919826070e-01
340 1.2454547128692885e+00
341 2.9721513587593185e-01
342 -6.6676661540344806e-01
343 -1.7793632058561271e+00
344 7.5262557892616189e-01
345 -1.9552209945930404e-01
346 -2.4218079738728560e+00
347 -7.4649591396058901e-01
348 1.4448748873983634e+00
349 1.9421206295656566e+00
350 2.3250224508725417e+00
351 1.8036795867330713e-01
352 -2.7095967963760481e+00
353 -8.6995387577140260e-01
354 2.5537768497406494e+00
355 1.3722464035399475e+00
356 -1.6261871516895376e+00
357 -1.3887273057831857e+00
358 1.0974672580517242e+00
359 1.0994128793283886e+00
360 -4.5470650845244869e+00
361 1.1189267010671959e-01
362 7.2311130582679839e-01
363 5.9447548201692257e-01
364 3.8221089899239236e-01
365 2.5515233470278669e+00
366 -7.3038535314696659e-02
367 -4.0639844320657081e+00
368 1.0552765091925088e-01
369 1.6916647709833144e+00
370 4.6575494821320387e+00
371 -4.5122837829454978e+00
372 8.6154082834548227e+00
373 -3.1456697876377664e+00
374 -1.6376436479706026e+01
375 -1.3212755676979146e-01
376 9.0401917014850746e+00
377 2.0405079447564365e+01
378 -1.4575011384089864e+01
379 -3.5760348774016890e+00
380 1.9858870474125319e+00
381 -1.1113364413783804e+01
382 2.1679792541553398e+00
383 1.6359388829668886e+00
384 2.1618812571708393e+01
385 -2.3124569800210562e+01
386 1.0107693685873262e+01
387 1.2639933406485191e+01
388 -2.4191579430282694e+01
389 -1.5884020836155441e+01
390 2.8639044068883077e+00
391 6.7897942657804478e+01
392 -5.4702444286887946e+01
393 4.9197909723785243e+00
394 4.4563529140933476e+01
395 -3.1060419979636070e+01
396 -5.9900272461784603e+01
397 -4.3914416918780205e+01
398 1.6958708461540718e+02
399 -3.3577448592580318e+01
400 -2.1586122732703451e+01
401 2.3183504944941383e+01
402 -9.5502090342548300e+01
403 -7.3876977737438196e+01
404 3.6925897481816364e+01
405 3.2494832385804614e+02
406 -2.0104028531896827e+02
407 -1.5342329981985523e+02
408 1.5383433137794125e+02
409 6.7776544688115095e+01
410 -2.1342364017957979e+02
411 -1.6883740618042251e+02
412 5.9712609045622310e+02
413 -2.7452199249502621e+02
414 -2.0536453983177361e+02
415 2.8515417167879139e+02
416 1.0642177593936736e+02
417 -4.0303889915489111e+02
418 -4.1424541622394452e+02
419 1.0437939580189664e+03
420 -4.3357920412808511e+02
421 -3.1658178757863811e+02
422 8.5334562766105853e+02
423 1.7076496808661844e+02
424 -1.5328073805241322e+03
425 -8.6572541770487555e+02
426 2.6706431904652582e+03
427 -6.3361119374426318e+00
428 -1.2464630634067996e+03
429 1.7010829816139523e+02
430 8.3185855681367707e+02
431 -1.6855701646370642e+03
432 -1.0170876277767065e+03
433 4.0836030175747151e+03
434 -1.5254974524237841e+03
435 -2.2301295601897723e+03
436 1.8858862609109760e+03
437 2.9111927110808829e+03
438 -4.2483024432884613e+03
439 -3.7517931781794296e+03
440 7.4142137593455063e+03
441 -8.8221868672982407e+02
442 -4.6515799358372196e+03
443 2.8645704845045261e+03
444 7.9836339501743314e+03
445 -8.3429917639135419e+03
446 -9.4173769043967568e+03
447 9.3601762570799583e+03
448 2.3655169958336219e+03
449 -9.6237386362659925e+02
450 2.9580610374975390e+03
451 9.7546352594923646e+03
452 -2.3140282301650190e+04
453 -1.2861119379899794e+04
454 2.9223197252346035e+04
455 7.1521676534941162e+03
456 -1.4048374539130484e+04
457 -1.0258648392408144e+04
458 3.0816638080224107e+04
459 -2.1459873556009996e+04
460 -2.5700590796502347e+04
461 2.6752252776368241e+04
462 1.0968253130104606e+04
463 -1.0518697833416079e+04
464 -1.5284391413492765e+04
465 6.2898824132464339e+04
466 -4.8108527597647160e+04
467 -4.1815083181565824e+04
468 2.8069046463039620e+04
469 1.6306468008580145e+04
470 -3.1897636416792534e+02
471 -3.3088786587054572e+04
472 1.6624698106599608e+05
473 -1.0367975289852623e+05
474 -1.5772735269314310e+05
475 5.0479205809201630e+03
476 1.3745494026446491e+05
477 1.4129406740991079e+05
478 -1.7956258013423203e+05
479 1.3508094912733237e+05
480 -1.6175586220933564e+05
481 -1.0083699454028322e+05
482 4.5574849995198165e+04
483 1.8772272821838545e+05
484 1.1611886976279844e+05
485 -4.4809511445977940e+05
486 4.7803222893929778e+05
487 -9.5709730869111896e+04
488 -2.2482093177282030e+05
489 -3.3520690260667464e+05
490 3.8593895948506298e+05
491 5.9612650441632688e+05
492 -1.1189369850646756e+06
493 8.7116265996540373e+05
494 2.4375077803945300e+05
495 -2.6619537399073411e+05
496 -1.4074846292942357e+06
497 1.9789082790563229e+05
498 1.9614672535757578e+06
499 -1.3359277038433517e+06
500 1.4984074079491373e+06
501 -2.0619617035098828e+05
502 -1.4571347101434325e+06
503 -2.9169582407234907e+06
504 2.7749886457036268e+06
505 4.9076779351654518e+06
506 -5.3422451209607758e+06
507 2.2959987549895982e+05
508 1.7898091733247847e+06
509 1.5512271242171621e+06
510 -7.3844742686833460e+06
511 2.0105807784657981e+06
512 9.6154548473198209e+06
513 -9.7525920708637927e+06
514 1.3265138861588058e+06
515 5.5972398766060183e+06
516 3.2466309771320811e+06
517 -1.7041836358925484e+07
518 2.4930936888132854e+06
519 1.8651326685768254e+07
520 -1.9180425356321257e+07
521 2.7503768119837921e+06
522 2.2742447108731773e+07
523 6.4693531083582174e+06
524 -5.6624355562531762e+07
525 8.5306183980395144e+05
526 5.7233010284986399e+07
527 -1.5350903751827769e+07
528 -1.3089961010544093e+07
529 1.5266402634041473e+07
530 1.8312387991735741e+07
531 -9.1462015372095436e+07
532 2.6215811682145592e+07
533 1.0284453230772652e+08
534 -7.0006976146703854e+07
535 -4.9293813156871520e+07
536 8.1312929036978841e+07
537 8.1715221767301440e+07
538 -2.1391970983382392e+08
539 5.3923156769410064e+06
540 1.9952846737987506e+08
541 -8.4076117338964388e+07
542 -1.5071160232056719e+08
543 1.7692381790843481e+08
544 2.5635379467668808e+08
545 -4.4628521906763822e+08
546 -7.3019956065907285e+07
547 2.4386659220368323e+08
548 -2.8399060980034079e+07
549 -1.1150828502657381e+08
550 3.8306276970808166e+08
551 3.5901798067362285e+08
552 -1.2257563079794183e+09
553 -5.7349941801368058e+07
554 9.2590669571895289e+08
555 2.2714872983391166e+08
556 -7.9742087720945442e+08
557 2.3290232851903832e+08
558 1.0807214426804683e+09
559 -1.6858511419747381e+09
560 -6.4404072310930669e+07
561 9.0783269215276551e+08
562 5.1904959995474839e+08
563 -1.5531869186486123e+09
564 7.2827173537017012e+08
565 2.5661764797169371e+09
566 -3.5429071965162344e+09
567 7.7547985555802763e+07
568 8.2967612018828154e+08
569 1.1272833953191404e+09
570 -3.3192457834075003e+09
571 1.7318703998472111e+09
572 7.8288874733839579e+09
573 -7.2168711976728811e+09
574 -4.0797198278948503e+09
575 -1.3607231625972371e+09
576 7.9992371287994385e+09
577 -1.2303098771076734e+09
578 -9.5388061681897119e+07
579 7.9166638051449556e+09
580 -1.4211224348095421e+10
581 -1.0561952000068576e+09
582 -4.7764120831951547e+08
583 1.7582477242133968e+10
584 -1.2486079393372101e+10
585 -7.2205543591092033e+09
586 2.6380680639977360e+10
587 -1.6565455490654203e+10
