1 1.0000000000000000e+00
2 1.5070630544812260e+00
3 -1.1602338075954542e-01
4 1.2712390499310353e+00
5 3.6364574085955059e-01
6 -1.7485455072174530e-01
7 -1.7983199174322699e+00
8 4.0877435118825445e-01
9 -9.8653857762237740e-01
10 5.4803706081473613e-01
11 7.9829943228076106e-01
12 -1.4749345226096519e-01
13 -9.2727221307161711e-01
14 -2.7101815077012907e+00
15 -4.2191408251931781e-02
16 -6.5519032770608698e-01
17 7.4155074497529017e-01
18 -1.4867758383058578e+00
19 -3.8163766593594317e-01
20 4.6228066613187163e-01
21 2.0864715658607036e-01
22 1.2030875809242165e+00
23 1.3076938516490061e-01
24 -4.7427382215608896e-02
25 -8.6776177486829176e-01
26 -1.3974576907601175e+00
27 2.3048492131196829e-01
28 -2.2860945034772957e+00
29 -5.7719954854169220e-01
30 -6.3585112436269325e-02
31 -2.2648204847816492e-01
32 -1.3961874878602918e+00
33 -9.2621398952571099e-02
34 1.1175637306117197e+00
35 -6.5395137869896691e-01
36 -1.2541263601896813e+00
37 1.4038081271943346e+00
38 -5.7515202645558805e-01
39 1.0758525697202834e-01
40 1.4864905188248612e-01
41 -4.5015165737340967e-01
42 3.1444442116974208e-01
43 -5.7732598784176614e-01
44 1.0148294119791552e+00
45 -3.5875055101028103e-01
46 1.9707770894297957e-01
47 -1.2183087939955219e+00
48 7.6017396852385885e-02
49 2.2339545256491813e+00
50 -1.3077717113882992e+00
51 -8.6037224459605571e-02
52 -1.1787846455492075e+00
53 1.1275067184271548e+00
54 3.4735531000246517e-01
55 2.9029818853060702e-01
56 -7.3510705741783466e-01
57 4.4278891648238776e-02
58 -8.6987611441064949e-01
59 1.3452615401139856e+00
60 -5.3635365747596905e-02
61 -5.5701327924646560e-01
62 -3.4132272780930406e-01
63 1.7741119691425800e+00
64 -1.4489522520664253e+00
65 -3.3719859024405124e-01
66 -1.3958628858346009e-01
67 5.6854551675437104e-01
68 9.4268826448089504e-01
69 -1.5172305606835062e-02
70 -9.8554596226119429e-01
71 -1.4232943187496458e-01
72 -4.0327166598029623e-01
73 -4.1581081343136189e-01
74 2.1156273640849812e+00
75 1.0068065500092968e-01
76 -4.8515270586116988e-01
77 -1.4355977692683002e+00
78 1.6213776594977408e-01
79 6.2348667109054634e-01
80 -2.3825717213162745e-01
81 9.5979693525686161e-01
82 -6.7840693172277655e-01
83 -5.9345839300651106e-02
84 2.6524041376624224e-01
85 2.6966176995110402e-01
86 -8.7006666666198462e-01
87 6.6968642997989034e-02
88 3.2632433251032100e-01
89 -2.7828223145667236e-01
90 -5.4065970120698781e-01
91 1.6675320864347676e+00
92 1.6623914777879442e-01
93 2.6277212953521430e-02
94 -1.8360681721331433e+00
95 -1.3878091177557675e-01
96 1.6199039259440073e-01
97 -6.6180121825088445e-01
98 3.3667103309080662e+00
99 -7.8755318447225375e-01
100 -1.1031326547238411e+00
101 -6.0800159382621767e-02
102 -1.2966352195562417e-01
103 -2.8656887008917581e-01
104 -3.7904509644853074e-01
105 7.5873649867235479e-02
106 1.6992237189122439e+00
107 -5.7876471301788857e-01
108 2.9300143286931579e-01
109 -1.1486228102748146e+00
110 4.3749767464221417e-01
111 -1.6287456510073309e-01
112 1.1782418164285993e+00
113 -1.4447671620558560e+00
114 6.6731082623186777e-02
115 4.7553729938207868e-02
116 -7.3375860568270945e-01
117 9.1478980588581182e-01
118 2.0273939657872000e+00
119 -1.3335454743679040e+00
120 -1.7246765559561696e-02
121 -3.6271801632065798e-01
122 -8.3945413402750069e-01
123 5.2228117208232297e-02
124 -2.8791282404481411e-01
125 -6.7920361428668274e-01
126 2.6736986026623826e+00
127 4.3773549003887546e-01
128 -7.8747491902478950e-01
129 6.6983313024552696e-02
130 -5.0817953725672960e-01
131 -1.3967386600664322e+00
132 -1.1774393933925609e-01
133 6.8630661573606266e-01
134 8.5683394304946581e-01
135 8.3814860158941545e-02
136 3.0312692465833080e-01
137 -1.1350042173160140e+00
138 -2.2865622053360023e-02
139 1.4843409657051017e+00
140 -8.3132852916981692e-01
141 1.4135230538868013e-01
142 -2.1449942852541939e-01
143 -7.4024087979687814e-01
144 6.4637053231387953e-01
145 -2.0989615741930912e-01
146 -6.2665311450035299e-01
147 -2.5919095672444420e-01
148 1.7845757100764175e+00
149 -3.3907063861859860e-01
150 1.5173209534709978e-01
151 8.3729688059941232e-01
152 -1.5600368915423302e-01
153 -7.3156841531725381e-01
154 -2.1635363607232723e+00
155 -8.2359232211223696e-02
156 1.3676657976975329e-01
157 1.7622629798600880e+00
158 9.3963372699336023e-01
159 -1.3081714138634809e-01
160 -5.0771763336086262e-01
161 -2.3516518985877782e-01
162 1.4464745008556987e+00
163 -1.8354001407906066e+00
164 -5.7225036528030071e-01
165 -3.3681377269176194e-02
166 -8.9437921964003964e-02
167 8.7151030112200800e-01
168 8.5289606172835347e-02
169 -1.4016624653433707e-01
170 4.0639729067414804e-01
171 3.7650027918873830e-01
172 -7.3391934058859809e-01
173 -4.4239405832944528e-01
174 1.0092596796110997e-01
175 1.5605132837859923e+00
176 -5.2303806666068375e-01
177 -1.5608179190595828e-01
178 -4.1938886972846984e-01
179 -8.4496444547186222e-01
180 -4.5605770971728293e-01
181 -9.5818411435995876e-01
182 2.5130759991412357e+00
183 6.4626563869824016e-02
184 5.3455170579699805e-02
185 5.1048884646231896e-01
186 3.9601416845676141e-02
187 5.9197953870418818e-01
188 -1.5487617137907552e+00
189 -4.1448562531811706e-01
190 -2.0915158478556276e-01
191 -1.0057298464613438e+00
192 1.6811233899392386e-01
193 1.5787305813167047e+00
194 -9.9737616524646611e-01
195 3.9122920199160589e-02
196 2.8398902331371478e+00
197 5.4249815474958274e-02
198 -1.1868923077021756e+00
199 -1.1627721445102392e+00
200 -3.5471875657610064e-01
201 -6.5964572941843269e-02
202 -9.1629674285981677e-02
203 1.0379894442959843e+00
204 -1.0937387949950375e-01
205 -1.6369573290393233e-01
206 -4.3187735683555178e-01
207 -1.2900904289601958e-01
208 6.0753978389392094e-01
209 -3.0466113199980149e-01
210 1.1434637447775745e-01
211 -1.2007638500961147e-01
212 1.4333305696398544e+00
213 1.6513541882496444e-02
214 -8.7223491624699900e-01
215 -2.0994213655184779e-01
216 9.4216324360632625e-02
217 4.0728717872445513e-01
218 -1.7310470008091896e+00
219 4.8243776329112385e-02
220 3.6903839338690919e-01
221 -6.8761939896705992e-01
222 -2.4546223940974476e-01
223 1.3560760139397912e+00
224 2.5107917677272624e+00
225 8.5608046512178648e-01
226 -2.1773552124647084e+00
227 -5.9762566290243091e-01
228 5.6289056536770146e-02
229 -1.3131832768700229e+00
230 7.1666469486040857e-02
231 1.6656290670590998e-01
232 -2.3594437083029901e-01
233 -4.2630548500472698e-01
234 1.3786459190268450e+00
235 -4.4303280391463601e-01
236 1.7101490023456727e+00
237 -7.2339031511509541e-02
238 -2.0097371158613884e+00
239 1.5167337275498107e+00
240 2.7643402588171533e-02
241 -1.0500660688470180e-01
242 -5.4663892160893546e-01
243 -3.4184380691275851e-01
244 -7.0809703184312411e-01
245 8.1236804853504463e-01
246 7.8711065794942164e-02
247 3.5388200216229226e-01
248 -9.2580052434615173e-02
249 6.8855048919550686e-03
250 -1.0236026737544057e+00
251 -1.4387463090249617e+00
252 2.2553204140550522e+00
253 1.0439312590180547e-01
254 6.5969498458783782e-01
255 -3.1287070264008288e-02
256 2.6217789542189196e-01
257 8.7977664075475059e-01
258 1.0094807621184161e-01
259 -2.5244961155283385e+00
260 -4.2866001542967769e-01
261 5.6942962016495380e-01
262 -2.1049732312371661e+00
263 1.5237445818857351e+00
264 -3.7861252403979903e-02
265 4.1001301593498618e-01
266 1.0343073446856510e+00
267 3.2287245379797068e-02
268 7.2275726268450879e-01
269 -3.2771973381070552e-01
270 1.2631427904475431e-01
271 4.6398890984204022e-01
272 -4.8585687560641239e-01
273 -1.9347271032484339e-01
274 -1.7105229225409371e+00
275 -6.9273373253134451e-01
276 -1.9287628085327729e-02
277 -4.3460394310452261e-02
278 2.2369954301808912e+00
279 2.2343327746000519e-01
280 -2.6731855052706394e-01
281 -7.2655698628767063e-01
282 2.1302683674366898e-01
283 4.5548157251038263e-01
284 -1.8093473191142148e-01
285 1.6101830554455257e-02
286 -1.1155896812767969e+00
287 8.0951669132523563e-01
288 1.3773928147753667e+00
289 -4.5010249272212410e-01
290 -3.1632674404982974e-01
291 7.6784414763386252e-02
292 -5.2859494336502932e-01
293 -1.1110089001414831e+00
294 -3.9061711497239293e-01
295 4.8919862935065783e-01
296 5.7384075638017751e-01
297 1.8399598222123359e-01
298 -5.1100083230674476e-01
299 -1.2125881684847714e-01
300 1.2798918021315320e-01
301 1.0382168229732049e+00
302 1.2618591942599751e+00
303 7.0542399723546919e-03
304 2.5004530738369318e-01
305 -2.0255550672087674e-01
306 -1.1025197304034149e+00
307 -6.1591167553655091e-01
308 -1.8249879445045216e+00
309 3.3248689114581995e-02
310 -1.2412055611794807e-01
311 1.3087957904081680e+00
312 4.3978093408983315e-02
313 -1.5107394880845841e+00
314 2.6558414293847665e+00
315 6.4514826136255810e-01
316 7.9260060338365079e-01
317 -9.2489908212946148e-01
318 -1.9714968043511444e-01
319 -4.6077807201271626e-01
320 -5.2690531531959939e-01
321 6.7150238847169988e-02
322 -3.5440876948907163e-01
323 -2.8300369546651094e-01
324 1.2201313444070716e+00
325 8.0465138028417615e-01
326 -2.7660637426129551e+00
327 1.3326710133245004e-01
328 -1.8401045122883500e-01
329 2.1909089700544970e+00
330 -5.0759959561766120e-02
331 -5.8680412781844460e-01
332 -7.5442748184731845e-02
333 -1.3849108698650019e+00
334 1.3134209761647113e+00
335 2.0674915603861013e-01
336 -1.3670359890835820e-01
337 8.5849207204337130e-01
338 -2.1123937171242374e-01
339 1.6762677144739049e-01
340 3.4280457184690660e-01
341 -1.8080049145385543e-01
342 5.6740966148184324e-01
343 -2.2190450007185141e+00
344 -2.3599605682094954e-01
345 -5.5173448118739834e-03
346 -6.6671570268642832e-01
347 -1.0406566108330511e+00
348 8.5133152634456061e-02
349 1.8703800839144158e+00
350 2.3517919169151305e+00
351 -2.1372226303645758e-01
352 -1.1145756788652044e+00
353 1.0825523509658146e+00
354 -2.3522510349483217e-01
355 -5.1757493075725372e-02
356 -3.5376323885284011e-01
357 1.5472245581938676e-01
358 -1.2734146992614301e+00
359 3.8665513260495327e-01
360 -1.4664802015623898e-01
361 -8.5435269149591309e-01
362 -1.4440438809695482e+00
363 4.2083769500700058e-02
364 2.1198319073232050e+00
365 -1.5120783152561024e-01
366 9.7396304990891663e-02
367 1.0236970872487079e+00
368 -8.5678834509734347e-02
369 4.4409197312497078e-01
370 7.6933887562607906e-01
371 -2.0276177866992176e+00
372 3.3404617138810294e-02
373 -5.9887234223047059e-01
374 8.9215050172935595e-01
375 7.8803500771018511e-02
376 -4.9801339325049054e-01
377 5.3522108727713424e-01
378 -6.2465596333662721e-01
379 1.4429413425943145e+00
380 -1.7642372137440038e-01
381 -5.0787550152612528e-02
382 -1.5156982892642716e+00
383 -1.2727234588928535e+00
384 9.1365481601940204e-02
385 -5.2204900894653483e-01
386 2.3792465398342273e+00
387 5.6955435376772312e-01
388 -8.4130754849946421e-01
389 4.5789979588537794e-01
390 5.8960716954591069e-02
391 9.6972078969572870e-02
392 9.1318333264052265e-01
393 1.6205436554079036e-01
394 8.1757870033845950e-02
395 2.2672826974087068e-01
396 -1.0011683232214212e+00
397 -4.7079515399397176e-01
398 -1.7523710764659093e+00
399 -7.9627639065199707e-02
400 5.6854920968872424e-01
401 -4.7502567447446431e-01
402 -9.9412791022264940e-02
403 2.1001053067814740e-01
404 -7.7291479348978412e-02
405 3.4902585752471754e-01
406 1.5643155750307489e+00
407 1.1206593967425806e+00
408 -3.5169833372351432e-02
409 2.1298713838322236e-01
410 -2.4669967994950237e-01
411 1.3168732759982935e-01
412 -3.6429800576062094e-01
413 -2.4192106999227865e+00
414 -1.9442443181247832e-01
415 -2.1580805696203027e-02
416 1.2946455524445246e+00
417 -1.7221819354556792e-01
418 -4.5914287564058132e-01
419 9.4212861817875648e-01
420 9.6453242177228143e-02
421 -1.5104066424482319e+00
422 -1.8096261717604498e-01
423 1.2019081307231563e+00
424 4.6089635656381694e-01
425 -6.4348826144925075e-01
426 2.4885161254415877e-02
427 1.0016872655726969e+00
428 -7.3574688787288056e-01
429 8.5886286767380790e-02
430 -3.1639769952472296e-01
431 5.7499914300107657e-01
432 -1.5100891001775651e-01
433 5.1813308385104373e-01
434 6.1380625634336039e-01
435 2.4354512744734755e-02
436 -1.4601730659353789e+00
437 -4.9909204036330243e-02
438 7.2706782906570816e-02
439 8.7384521582772079e-01
440 1.1866231164034319e-01
441 -2.2038855976610776e+00
442 -1.0362822387897266e+00
443 2.5752559973626005e-01
444 -2.0705949127208789e-01
445 -1.0119530072147020e-01
446 2.0437036443861296e+00
447 3.9334963400526085e-02
448 2.6056704575263545e+00
449 -7.1178103707912033e-01
450 1.2901773038511579e+00
451 -3.5936244904886500e-01
452 -1.8366436551127960e+00
453 -9.7131231457217110e-02
454 -9.0067291387923576e-01
455 6.0637947271215775e-01
456 1.8106968856351029e-02
457 -1.7367128762966594e-01
458 -1.9790715242749048e+00
459 1.7091066103431535e-01
460 6.0486092635173093e-02
461 6.1052192695106700e-01
462 2.5099182218031729e-01
463 1.4001735287578679e-01
464 3.7821683235271170e-01
465 9.5268971040321677e-03
466 -6.4247802413494870e-01
467 1.8387383156699417e+00
468 1.1629224352027967e+00
469 -1.0224557119416209e+00
470 -6.6772539238115358e-01
471 -2.0440547171465667e-01
472 5.4985937577091770e-01
473 -4.6086402016256095e-01
474 -1.0891551828750598e-01
475 3.3117249186748904e-01
476 -1.6953681418948643e+00
477 -1.1124667015281868e+00
478 2.2860075971159146e+00
479 1.1770943151385431e+00
480 5.8852092276740979e-02
481 -1.3017062410690761e+00
482 -1.5814815862949125e-01
483 2.7254948394503254e-02
484 -4.6140325676374144e-01
485 -2.4042295426417851e-01
486 -5.1519789502365021e-01
487 2.0804307781092043e-01
488 -2.2769452083147548e-01
489 2.1321078570176613e-01
490 1.2242934710481876e+00
491 1.1628036655868204e+00
492 6.6917842685641674e-02
493 -4.2790500961813932e-01
494 5.3313062424878577e-01
495 -2.8660004690001778e-01
496 1.4941018191275793e-01
497 2.5637083752730200e-01
498 8.0133708160200819e-03
499 -9.4439699736908123e-01
500 -8.6224745372296652e-01
501 -1.0031726739534945e-01
502 -2.1695462418014375e+00
503 5.8212696887059645e-01
504 7.2587204943481110e-01
505 -2.6101433067514716e-02
506 1.5880373806659762e-01
507 1.8600308515683037e-02
508 5.5670319338488172e-01
509 1.5121272075964623e-01
510 -4.3066209973252723e-02
511 7.5223647987187447e-01
512 1.1727067789151282e+00
513 -8.8400609965191598e-02
514 1.3325724721294510e+00
515 -1.0145872815692025e-01
516 7.3660945333405073e-02
517 -9.6562651690191581e-01
518 -3.7921207479726529e+00
519 3.4638866922029755e-02
520 -1.4397814539276974e-01
521 1.4641868847377353e+00
522 8.6578723250566458e-01
523 1.2538798664040235e-01
524 -1.7536639316805340e+00
525 -1.5892353231010095e-01
526 2.2494355136031952e+00
527 -1.8485472658735425e-01
528 9.9919951084812220e-02
529 -9.5043330216400945e-01
530 5.5153559628115911e-01
531 -1.3085588844217313e+00
532 9.3488282808976841e-01
533 3.5545274900033053e-01
534 5.6414712374652041e-03
535 -1.5623467147481473e-01
536 2.8943232399707791e-01
537 -2.6803671765681839e-02
538 -4.3751341742598560e-01
539 1.9061690951815844e+00
540 -1.2498707774610571e-02
541 -1.6898038479480839e+00
542 8.2532097350803402e-01
543 2.3398226113789788e-01
544 -1.3511774697121375e+00
545 -2.8467824357904437e-01
546 4.9717181351409630e-02
547 1.3576477293275213e+00
548 -1.8390652593484182e+00
549 6.5774391421425404e-01
550 -6.0672659355280445e-01
551 -2.1045966724509962e-01
552 1.6937748577191139e-01
553 -7.1158926242547915e-01
554 -4.3730964224600560e-01
555 -6.6618750826415418e-01
556 2.3297700318703862e+00
557 2.6894033339514003e+00
558 -8.5927853976606205e-01
559 7.3808163087560275e-01
560 1.5227848903845813e+00
561 -1.9295469066591012e-01
562 -2.7731329667043387e+00
563 -1.1532153906373632e+00
564 2.1705677805842716e+00
565 -2.5217957863409519e+00
566 8.4979387132078232e-01
567 -1.8921473618708176e-01
568 8.1902413015355602e-01
569 -3.6891200863032685e+00
570 -8.2002312157086654e-01
571 4.2245666052277109e+00
572 -4.0866993319417428e+00
573 2.2219020917934778e+00
574 4.6453570304245293e+00
575 8.7248186204373435e-01
576 -7.0287377045656729e+00
577 -2.0889516318617738e+00
578 9.1361951448644394e+00
579 -2.7217408352570063e+00
580 -1.0369169651781949e+00
581 -3.6476384728155092e-01
582 8.5071969553643054e+00
583 -8.4704263084549023e+00
584 -8.5451575466231890e+00
585 1.3092074563459796e+01
586 -5.6841808221737367e+00
