1 1.0000000000000000e+00
2 4.4068159556546238e-01
3 -9.1110794607628975e-01
4 8.2759214463287045e-01
5 4.0429572268498137e-01
6 -1.4027203523891147e+00
7 -1.7920533895544266e-01
8 8.7800995714179109e-01
9 6.2137231119630720e-01
10 6.1293849853760884e-01
11 -4.7649216996816135e-01
12 -1.3793295054801693e+00
13 3.7507587384964353e-01
14 2.2097444835272009e-01
15 -1.2281686990667307e+00
16 -3.7592170629780253e-01
17 -5.9158351497413197e-01
18 1.5930849952928821e+00
19 -2.6923168599538611e-02
20 6.1504233102593309e-01
21 1.3470879770134605e-02
22 -1.1431479130501390e+00
23 -9.4562678956878399e-01
24 -8.4973655659248304e-01
25 -9.4663572649436800e-01
26 -1.1627313507440258e+00
27 -6.5649662585853030e-01
28 3.1642852920396911e-02
29 -3.1717638158312927e-01
30 -2.2919989752454734e-01
31 9.6822926737321047e-01
32 -6.2872112214461251e-01
33 3.9234596401307233e+00
34 -1.1132969418173493e+00
35 3.4663592145566670e-02
36 1.4628975631220196e+00
37 -3.1687311043947203e-01
38 -8.3564712476569059e-01
39 4.1794610636538965e-01
40 6.3361862334149222e-01
41 2.0079084937335648e-01
42 -8.7781626065676521e-02
43 3.2227919385037956e-01
44 -1.1115910535730236e+00
45 5.1066018228141574e-01
46 4.9803144273771960e-01
47 3.5433783559470390e-02
48 4.1419110325100893e-02
49 -4.9071680640129927e+00
50 1.3057541321154811e-01
51 1.0957807552249084e+00
52 -5.6229544853220659e-01
53 7.8989597973794445e-01
54 -2.5004609612969100e+00
55 -3.4436025721752822e-01
56 -1.3087842260204033e-01
57 4.7703185657400626e-01
58 5.5621022097014028e-01
59 9.0449153807751523e-02
60 -5.7231677281007254e-01
61 -8.9997230902463643e-01
62 9.9929250496778177e-01
63 1.4213642439145940e-01
64 -5.4709959475132031e-01
65 -2.7344623554775010e-01
66 4.1865042001527819e-01
67 -1.0173434770380256e+00
68 -1.1290109878884127e+00
69 3.7663443504481087e-01
70 -3.0927206889883249e-02
71 6.2048933598029599e-01
72 7.4012615463076181e-01
73 3.2933261669986630e-01
74 -1.4216867446511809e+00
75 5.9005411734613356e-01
76 -5.3320266440875597e-01
77 -1.7106109517120618e-01
78 9.5358913285334923e-01
79 2.3843840229227822e-01
80 -1.1495226411670834e-01
81 4.5103986960411591e-01
82 -1.0887361338502870e+00
83 5.6811749663658311e-02
84 3.2569856666751023e-03
85 -4.5589289722318965e-01
86 1.3701695483934848e+00
87 -1.2872307286877782e-01
88 -5.5652471573167395e-01
89 -2.2541200578431915e+00
90 7.1923624865669489e-01
91 -3.2851318998788209e-01
92 -1.4531407569865257e-01
93 -1.2066717371162190e+00
94 1.2305786530970761e+00
95 -2.3708772744523193e-01
96 9.7232069955814326e-01
97 8.6784557031391218e-01
98 -6.6788314363837200e+00
99 -1.5267822023361275e+00
100 -4.3223673771329912e-01
101 1.9934278486473536e-01
102 1.7855961218252494e+00
103 -1.1607650647660093e+00
104 4.2075003524606597e-01
105 8.5423585494474104e-04
106 9.3833323623962583e-01
107 -8.1754814042798851e-01
108 -7.1941275335784005e-01
109 -1.0609893328235529e+00
110 -5.1940482813710609e-01
111 1.0369902731481557e+00
112 1.4706060240942226e-01
113 -3.7577333990553191e-01
114 9.0990251881971607e-01
115 -8.8437742859121635e-02
116 1.1310691551866631e-01
117 -9.8903006344474664e-01
118 4.2887889882080338e-01
119 -5.6609950506441964e-02
120 -4.1129565653156136e-01
121 2.8964482580905954e-01
122 -1.7346948327209297e-01
123 6.0412001540770321e-01
124 1.1020914545985339e+00
125 -5.1172823201116602e-01
126 -1.0784086669335757e-01
127 6.4102586662950134e-01
128 -1.2644076120552501e+00
129 -9.2273140081764538e-01
130 -3.1767952117545983e-01
131 6.3562808898860057e-01
132 1.9175486736356762e+00
133 -3.8327522016138010e-01
134 4.7107699367432437e-01
135 -1.6750659573885177e-01
136 -6.1504953673580109e-01
137 2.8614238037598211e-01
138 2.2474591213833275e-01
139 -5.3587209921564838e-01
140 1.9885282902389733e-02
141 -6.5430240746682466e-01
142 -2.8058466996354786e-01
143 9.7996128410016514e-01
144 2.8193713004604676e-01
145 2.7408301651638704e-02
146 3.4174571459480713e-01
147 -1.5110441148740243e+00
148 -1.0434658402366603e+00
149 -1.4231667722331949e+00
150 7.1718918126671516e-01
151 3.8127531854382013e-01
152 3.2208379488642330e-02
153 -1.0819641110392371e+00
154 1.6416410346964835e-01
155 4.4465233690947387e-01
156 7.4908606291486135e-01
157 9.1464134189777913e-01
158 4.5872579988511866e-03
159 -1.0254010367491402e+00
160 -3.7872364794170965e-01
161 1.2757678870370034e-01
162 -8.9417512778320316e-02
163 -2.1183829047292280e+00
164 -5.8318095513981394e-01
165 5.6519846982313360e-01
166 1.4261863315352623e+00
167 1.6281827902155219e-01
168 -3.4944807698981534e-03
169 3.9177789524148665e-01
170 -7.7609167667980472e-01
171 -8.0861806570111738e-01
172 9.3700779437436199e-01
173 -3.7193268263890061e-01
174 -2.3740794250451830e-01
175 1.3412843175860120e-01
176 -3.2737813226248907e-01
177 -3.1055078297782440e-01
178 1.4423677093865359e-01
179 -1.7985872986157692e-01
180 1.0117364515893921e+00
181 -4.0919206986884327e-01
182 3.6638528869961123e-01
183 7.5073583655507292e-01
184 -1.0748291985123146e+00
185 -4.4271284354772183e-01
186 -1.7550719503191130e+00
187 7.9501904140978497e-01
188 7.7392344908419974e-01
189 -5.9652484514601679e-02
190 -3.6935914051203739e-01
191 -4.6766578361589950e-01
192 1.3431301837837486e+00
193 -9.2175218375212364e-01
194 1.6716832506232135e+00
195 3.3465063275931006e-01
196 -8.8673823096781734e-01
197 2.2828278798165993e-01
198 -1.0897794145691657e+00
199 -2.5783890825055267e-01
200 -2.3606603510369875e-01
201 1.0516891848949228e+00
202 -4.1945638253772771e-01
203 2.3160358573477013e-01
204 1.7290902736304312e+00
205 -2.2346979789164209e-01
206 -4.7374794384127555e-01
207 5.3275981135546446e-01
208 -6.9857564910880499e-01
209 6.6917139196642672e-01
210 -5.3602221396711391e-02
211 -9.4486604431924226e-01
212 1.0593266850791467e+00
213 -2.6652248835754094e-01
214 -1.4994801723229083e+00
215 4.3178764238297479e-01
216 -1.9350765927848471e-01
217 -4.4878099404314017e-02
218 1.1321192061877159e+00
219 -2.3149628380143447e-01
220 -6.8563692462164916e-01
221 5.8394372625395119e-01
222 2.0671836740854834e+00
223 -2.3681560108979788e-01
224 -9.4833791002785384e-01
225 5.6056575226886174e-01
226 -2.3384747619528894e+00
227 -7.2082141919718656e-01
228 8.7911389502626436e-01
229 9.4353855678812182e-01
230 -2.3095375800503615e-01
231 1.6477924539352918e-02
232 -4.3540931505936642e-01
233 8.3949847499269270e-01
234 -2.2447374299942802e-02
235 3.4764920259520021e-01
236 4.2972901020345738e-01
237 -1.9233224262755444e-01
238 -1.6019795472787580e-02
239 -8.4176926123107038e-02
240 1.0079964391186696e-02
241 -1.5095114773780141e+00
242 -3.5447540272447849e-02
243 5.4814339172993964e-01
244 -7.6921625333680343e-01
245 -2.9058912071693432e-01
246 1.3157990887894129e+00
247 4.9242146474586013e-01
248 9.7010536665319802e-01
249 -8.1484010709392807e-01
250 -2.7405483106815027e+00
251 1.5392460644764288e+00
252 8.1444884780078247e-02
253 -9.6581985276510662e-01
254 3.8418426182784221e-01
255 7.5091994020221253e-01
256 -5.2627267105355113e-01
257 -4.0587673700864413e-02
258 -1.5755128674890524e+00
259 -1.4679855599492314e-01
260 -3.3500203256144012e-01
261 6.0603539400428386e-01
262 1.1660930310258537e+00
263 -4.4549071046622479e-01
264 7.3780672062376207e-01
265 4.1982050434495838e-01
266 1.1660530880281485e-01
267 4.2564427351528300e-01
268 -3.0929018698991795e-01
269 -5.9389892758602258e-01
270 -3.5990185980144274e-01
271 -9.9109323742153088e-01
272 3.8443333188780773e-03
273 4.8812179106847195e-02
274 2.9001164771088672e-01
275 -1.1382655424303238e-01
276 3.8184547488734089e-01
277 -6.5400702910143405e-01
278 3.8854599763327835e-01
279 1.2189680052917224e+00
280 2.5552641927573644e-01
281 7.3947833805480290e-01
282 -1.3090341153505451e+00
283 4.7895042909615038e-01
284 1.6078678462727664e-01
285 4.0597565401731961e-01
286 -4.6565346731565044e-01
287 -1.3853009980003103e-01
288 -7.1519356541273027e-01
289 -8.0660156470858127e-02
290 8.5685071980675889e-02
291 -1.2546877173676305e+00
292 2.2799220054264091e-01
293 7.1268602622385846e-01
294 1.2896392905933429e+00
295 1.4923023167111527e-01
296 -3.9577740331776862e-01
297 5.5605059945850821e-01
298 -2.3414720788255397e-01
299 -1.0489624367885804e+00
300 7.8791311645301332e-01
301 1.7319831595288082e-01
302 3.0841153655410525e-01
303 -1.2568756235493269e-02
304 -2.5470154493274683e-01
305 -2.4422653993955104e-01
306 -1.5891462215185990e+00
307 -6.2785047042321940e-01
308 -1.4137891457280136e-03
309 1.0950100447813780e+00
310 6.9488233092809903e-01
311 -4.3632628101433785e-01
312 4.6826517852057364e-01
313 5.2540480342459139e-01
314 1.1315320986122337e+00
315 -1.1877679565227665e-01
316 3.7097652337899828e-01
317 3.2285054949220577e+00
318 -1.6913795653050601e+00
319 -9.5527429054037349e-01
320 -4.9035880804830118e-01
321 1.1143080487937895e+00
322 -2.5066665007068833e-01
323 5.3432383685394991e-01
324 -2.3259842862067098e-01
325 -6.4491317677074944e-01
326 5.4877240184672993e-01
327 -4.3442068641234521e-01
328 2.5086161153320095e-02
329 2.0981984765409195e-01
330 8.8300775420995814e-01
331 1.4421860742602757e-01
332 8.4279062382391501e-01
333 -1.2798144298711731e+00
334 7.9606960436447283e-01
335 -1.2804760156265044e-01
336 2.3355360173762459e-03
337 -4.5037654241281028e-01
338 -1.2934135247745655e+00
339 1.4433061767409578e+00
340 -7.3713097565643981e-01
341 -5.9507880920037037e-01
342 -5.2383754288823536e-01
343 2.3944414050140692e-01
344 1.9886147132449611e-01
345 1.4197199766431057e-01
346 7.9432174334124372e-01
347 6.7494635910968592e-01
348 -1.8494177340262988e-01
349 4.6458335629531937e-02
350 -1.7934990709140392e-01
351 4.5340303705168428e-01
352 5.1689086822922503e-01
353 -4.4798711767041050e-01
354 -6.6646934226807930e-01
355 9.7966883405014221e-02
356 -3.2547830415246226e-01
357 -5.2490769907753046e-02
358 -5.3882686190047246e-01
359 -7.3632596007867390e-01
360 4.3801839344302462e-01
361 -2.3778876154719644e+00
362 7.3186881492827693e-01
363 -3.9544883745830811e-01
364 1.0125109276315437e-01
365 2.6372413146941320e-01
366 8.4946228371012356e-01
367 1.3277794818367785e+00
368 7.4970722617140662e-01
369 -1.1049914333669015e+00
370 -7.4464750516756395e-01
371 -7.3167575821202438e-02
372 -1.7343761813171263e+00
373 -2.9520605697350477e-01
374 1.1734781057590298e+00
375 8.0753503336009802e-01
376 -1.6212759926833484e-01
377 -8.9819785809614550e-01
378 6.2902092044351487e-02
379 6.6566837529319811e-01
380 -3.7025571825611980e-01
381 -7.3212593864910802e-01
382 -1.4761724944314625e+00
383 1.6515055913406664e+00
384 1.3656840990248289e+00
385 -1.8848529131330824e-02
386 -1.0943887205321519e+00
387 1.3136146265277575e+00
388 1.3687588627651446e+00
389 -1.5442980978767109e+00
390 4.9619226045337966e-01
391 1.1511737357850589e-01
392 -9.1425994242675657e-01
393 -1.0759599541844656e+00
394 6.0427641606503146e-01
395 7.1879309424292492e-02
396 -1.2711346554444476e+00
397 -3.5794094485525935e-01
398 6.3697774094170390e-01
399 4.7663996022701813e-02
400 4.3291745805184928e-01
401 4.3676113626572782e-01
402 4.8293390153606430e-01
403 -1.5100618037609206e-01
404 -3.4585495736496996e-02
405 -1.2638161221354596e-01
406 -1.1211436093687632e-01
407 1.0187124300637238e+00
408 1.0670250135868899e+00
409 -6.1968486090780273e-01
410 -4.0238110692920126e-01
411 -3.0123670797103835e-01
412 -1.1554039781523373e+00
413 3.5850090048395296e-02
414 -9.2499133749860329e-01
415 4.1719402820356694e-01
416 1.7645593519612923e-01
417 -1.7779584198149970e-01
418 5.9783415734871836e-01
419 3.8485712142048489e-01
420 -1.0390961318572292e+00
421 -1.9033409297274912e+00
422 1.2156111353739185e+00
423 1.4425978570555538e+00
424 4.0834539864857822e-01
425 2.2246250817920865e-01
426 -3.0339745850027611e-01
427 2.3184144141993110e-01
428 -1.2837572363353749e+00
429 -6.1201121800890934e-01
430 7.2233779816840515e-01
431 4.6203466810552235e-01
432 -1.1864301671901768e-01
433 -9.5921599716045813e-01
434 9.4994632935676129e-02
435 -1.1887581880966593e-01
436 5.9443895477477660e-01
437 -3.8470735352347968e-01
438 -3.2479926495769390e-01
439 -1.2809450055152219e-01
440 -3.6177681070968609e-01
441 -3.9249400937447410e-01
442 5.2430886555751810e-01
443 -2.0434652881520032e-01
444 1.7484240279997632e+00
445 -8.8901870640237426e-02
446 3.4470643841895909e-01
447 9.7933352815028729e-01
448 -1.6419334264717181e-01
449 1.9294001441155673e-01
450 -1.1837915678476196e+00
451 9.5444877138870376e-01
452 -1.6763381387052279e+00
453 -3.5861398893904051e-01
454 -1.2193223701400666e+00
455 -2.2377937558440441e-03
456 4.6118626630091974e-01
457 -2.8052532719602774e-01
458 8.1991288465576384e-01
459 5.4385253905158948e-01
460 -1.2812081126370584e-01
461 4.2334131196631358e-01
462 -6.2222848084399337e-03
463 -8.6065975074807455e-01
464 4.4268837049803811e-01
465 -7.6415929011571759e-01
466 1.2294876464941888e+00
467 1.4962946091977087e+00
468 -6.8197052584133611e-01
469 1.8901336820684028e-01
470 4.8737581544060216e-01
471 -1.1984309453685036e+00
472 1.6050811710790971e-01
473 -1.1052486615506001e+00
474 -2.2446081828489126e-01
475 -1.2243807466103011e-01
476 1.6808164412407407e-02
477 8.3278439936057957e-01
478 -9.2407961191521315e-01
479 -7.4550829398576568e-01
480 5.8213877913361989e-01
481 8.3052705042119623e-01
482 -4.2324881395461578e-01
483 -6.5375122838963434e-02
484 7.3495286153929890e-02
485 5.5645468056254843e-01
486 1.3543518792511693e+00
487 -5.6501793169453203e-02
488 -7.8679844063012294e-01
489 -2.3123610449419665e-01
490 -5.7197722046471167e-01
491 5.0275002220948684e-01
492 1.0634729167325159e+00
493 -1.8379263313964855e-01
494 -1.4378021198799149e-01
495 -5.1020899685419840e-01
496 -1.8536661068295276e-01
497 -1.5546449917410524e-01
498 -1.4474265444398577e+00
499 1.2844247522447900e+00
500 -9.2613847397333682e-01
501 -5.6867557465862939e-01
502 -6.4072036302461138e-02
503 5.2278844848183159e-01
504 1.7604009747084484e-01
505 -3.6689236253972267e-02
506 1.0215178920431964e+00
507 4.9489431228608383e-01
508 6.2743009924882587e-01
509 -1.2764010018154719e+00
510 1.2002810690627095e+00
511 -3.7953239951462873e-02
512 5.2320348945488515e-01
513 3.3769605536501746e-01
514 -2.1552178845636225e-01
515 -4.2845517422573959e-01
516 -1.4758228688589838e+00
517 -1.0532652853922526e+00
518 7.2817679682467287e-02
519 -2.3176013106426585e-01
520 -2.2959764021945187e-01
521 7.5558541670856838e-01
522 -2.9806962040663165e-01
523 8.0903664641886741e-01
524 1.1941444451221426e+00
525 -2.1526920903288095e-02
526 -7.9627734500030001e-01
527 -9.1150310972338977e-01
528 -2.7073940826242992e-02
529 1.7153450724675834e-01
530 7.0105389410588126e-01
531 3.9592454860022686e-01
532 -1.1844787529041409e-02
533 9.2457301113915791e-01
534 4.0629604805093028e-01
535 -5.2336595575514977e-01
536 -7.1908882091211346e-01
537 4.0465966523146052e-01
538 -1.3118131133834324e-01
539 7.4426893072503941e-02
540 -3.8703477507287015e-01
541 5.6510702929730879e-02
542 -1.7742743318309842e+00
543 -6.5109873405786167e-01
544 6.9356385386869102e-01
545 2.1353985802743661e-01
546 6.0734184836738939e-02
547 3.7101211863325828e-01
548 3.8361122626929006e-01
549 -2.9422662985759740e-01
550 1.0710987179142111e+00
551 -3.9355792154243691e-01
552 3.1158431552289106e-01
553 -6.8835309487178295e-02
554 -9.3690957863201740e-01
555 6.9535319296845677e-01
556 -8.8681100960932308e-03
557 5.3848062140210773e-01
558 1.8163795980871256e+00
559 -1.0229631361713443e+00
560 -4.0810602009367279e-02
561 -1.1385298373938293e+00
562 1.7070520563620151e-01
563 7.2063917313037684e-01
564 -1.1612659770530951e+00
565 -7.5400790163292597e-01
566 -1.2354793375451536e+00
567 -9.3537869082021649e-02
568 8.6057622497862363e-01
569 -3.2132674186646720e-01
570 6.6124359477744288e-01
571 -2.2313442118226612e-01
572 4.7989894155199098e-01
573 1.1179736660082649e+00
574 2.6367679750287702e-02
575 7.5771677243895263e-01
576 -1.7927684199509371e+00
577 2.1542125395440140e-01
578 1.0413855943923129e+00
579 1.2890227363826186e+00
580 2.5661519409273936e-01
581 2.3787157755031224e-01
582 -2.2568470040941171e+00
583 -6.5833430613520327e-01
584 3.0724682517442387e-01
585 -4.4320796441221222e-01
586 -5.3807172728611075e-01
587 -3.9074691031378679e-02
588 1.2734448680950174e+00
589 -4.7601640856128280e-01
590 3.7742907757224359e-01
591 -1.5909486738132916e-01
592 -3.7639877741349947e-01
593 -3.0186533514621605e-01
594 3.9337628943760322e-01
595 -1.0886067728209006e-01
596 -9.5393655893920237e-01
597 -1.9517272789263646e-01
598 1.5570186149832517e+00
599 -1.7307673868766565e-02
600 8.5637744112330416e-01
601 3.3285350085895599e-01
602 -1.9264612843524964e-01
603 -6.7726501419989982e-02
604 -1.0365687942167617e-01
605 -1.7546555042703202e-01
606 1.9581918905088164e-02
607 1.9780968720128697e-01
608 7.2779017329882412e-01
609 3.9976973181458858e-01
610 -6.3423473816423082e-01
611 -1.1674922105189045e+00
612 -1.6116513327793702e+00
613 6.9740103750445093e-01
614 -9.6757803097408013e-01
615 -7.6420712950958578e-02
616 -3.2746005202159462e-01
617 -3.0300297778876023e-01
618 1.7274083579617985e+00
619 7.8131038740484671e-01
620 1.4817293055962539e+00
621 -2.6538167255859729e-01
622 -1.0129896197250505e+00
623 1.8567452836808499e-02
624 -2.1200954257128088e-01
625 2.4288903636464279e-01
626 -1.5661290429874686e+00
627 7.8729136449070342e-02
628 1.7580205492352019e+00
629 1.6089816415223299e+00
630 1.0052912935462281e+00
631 -7.7562332000704770e-01
632 -4.0322064136405272e-01
633 -6.4638255310561055e-01
634 -1.4885533674567206e+00
635 -4.2173643572757119e-01
636 -2.2572601894819404e+00
637 -9.8871741303962049e-02
638 2.1895892794800411e+00
639 5.7385640580938491e-01
640 -7.9247343148432225e-01
641 5.4815322381378628e-01
642 1.0633982971005631e+00
643 -8.6304772236973359e-01
644 -1.9435203776623238e+00
645 -4.4590887716589883e-01
646 1.9304382378969567e+00
647 1.0406207984583482e+00
648 1.6201462598529022e+00
649 -7.6081942254643864e-01
650 5.9011935258318293e-01
651 3.0160847907820376e-01
652 1.3561072509243397e+00
653 -2.1103315295674090e+00
654 -3.9717705587023033e+00
655 -5.2743546774698236e-01
656 1.2361601030524165e+00
657 1.2243052407531043e+00
658 6.6647893646224976e-01
659 2.6415569955939655e+00
660 2.5213345535865903e+00
661 3.2105443277180505e-02
662 -4.4936895498265033e+00
663 -3.3611595615191852e+00
664 -1.7669877621355616e+00
665 -1.0928681345675542e+00
666 2.2521317568056001e-01
667 2.8427412150179530e+00
668 4.7502844991995774e+00
669 2.7720982185805134e+00
670 -5.8619268138537906e-01
671 -2.6075558900260680e+00
672 -4.7087845189100372e+00
673 -2.2746208151042713e+00
674 2.8547873984550436e+00
675 2.5154631090166579e+00
676 -4.7894789529248678e+00
677 1.2499557187088088e+00
678 8.6199806834579231e+00
679 6.1372619816626530e+00
680 -2.6329400950397703e+00
681 -6.8028942147936515e+00
682 -8.4179758321178855e-01
683 -7.6165696522002460e+00
684 -1.5032041856045981e+00
685 5.3950210271860577e+00
686 7.0404821913044979e-01
687 3.9225163029372218e-01
688 2.7858387928630033e+00
689 5.9231241256074281e+00
690 -2.8295047375855447e+00
691 -2.6068941819357008e+00
692 -1.2346181857503109e+00
693 -2.7443585859964648e+00
694 -1.2813847360979281e+01
695 -6.5743457979136810e-01
696 1.5338847254093384e+01
697 4.2445870592622432e+00
698 7.7644862659550240e+00
699 -1.7914363973666432e+00
700 1.9407877387761494e+00
701 -6.4464696725335600e+00
702 -1.0763119881521089e+01
703 -7.3299054911496544e+00
704 -5.5560691766931214e+00
705 5.9060837231859686e+00
706 1.4834060924806250e+01
707 1.8054218065571863e+01
708 -6.6062985162164445e-01
709 -6.4664536280059277e+00
710 -1.9040221631617147e+01
711 6.6409153082151207e-01
712 4.7654042436177629e-01
713 -4.9410339233008900e+00
714 -2.1986228416534321e+00
715 -8.1836597735934180e-01
716 1.0902911095815806e+01
717 -5.6777997466029664e+00
718 3.3381841220424079e+01
719 2.8732378603856628e+00
720 -2.3432569491427198e+01
721 -1.6843277392870842e+01
722 -1.7821093367425862e+00
723 2.4292352681250691e+00
724 -2.7777930422786394e+01
725 3.6617505270247463e+01
726 2.0234715972911015e+01
727 -7.3653356854035792e+00
728 -1.0288685342099249e+01
729 4.4149296728868883e+01
730 -7.4017800388652697e+00
731 -6.5885376187360848e+01
732 1.1434661880281181e+00
733 -2.6514124545297271e+01
734 2.7113836824703707e+01
735 2.7244573160920201e+01
736 5.3042063096820009e+01
737 -7.4078044508253944e+00
738 -6.3504797136673986e+01
739 5.1213352158118006e+01
740 5.2748662659937207e+00
741 -8.1478078720150918e+01
742 -4.8454763143084243e+01
743 4.0879534707848528e+01
744 5.3775937052069089e+01
745 6.3811207247001512e+01
746 -1.5495524598783303e+01
747 -2.7905745840900291e+01
748 -1.8826046947771300e+01
749 -5.3740430390683272e+01
750 6.5498251926509949e+00
751 -8.1555193989743344e+00
752 8.3204812728880185e+01
753 3.7532527267542349e+01
754 -8.7593505641188983e+01
755 -2.7938118067104469e+01
756 4.0130978720222366e+01
757 2.7568741329834051e+01
758 6.8445782776952925e+01
759 -2.1207493563082693e+01
760 -2.2841695418584351e+02
761 2.4855173081022524e+01
762 1.9845829706868543e+02
763 7.7374153298649119e+01
764 -2.0336760067649578e+02
765 -5.8482211621477624e+01
766 3.1380495967808878e+02
767 -1.0993124663713314e+02
768 -1.4621251607831266e+02
769 -8.9189713728160829e+00
770 -4.0355946675040201e+01
771 -4.2788288020265611e+01
772 1.3424122584457166e+02
773 3.1159000178278922e+02
774 -2.3739174052104283e+02
775 -2.4432226833442061e+00
776 9.5329953506023372e+01
777 -2.1427430399355890e+02
778 -3.1473988714892715e+02
779 1.4736899720366617e+02
780 5.1574923495150415e+02
781 -2.8914798546589554e+02
782 -1.1461073263515227e+02
783 1.9340392091561932e+02
784 4.0134039812784476e+02
785 -1.5059091889884763e+02
786 -4.1578186299565152e+02
787 -3.5427623574243933e+02
788 -3.0545528390831754e+02
789 7.9728347503176292e+02
790 2.1322763072009565e+02
791 1.1902698568707787e+02
792 -1.9259377854842552e+02
793 -2.3953997414476558e+02
794 1.4947726537807500e+02
795 4.4658103578608944e+01
796 2.7914038258349837e+01
797 -4.5008247860188840e+02
798 -1.8321865694789068e+02
799 1.4994566027876846e+02
800 1.6284816867075162e+02
801 -5.0794833474276675e+02
802 1.5627070601928585e+03
803 4.1693263549933823e+02
804 -1.2245854881425780e+03
805 1.0553392447650313e+02
806 -5.4541605262687668e+01
807 -3.7357388920593928e+02
808 -1.8903286113606025e+03
809 8.0921705165905757e+02
810 1.1824351467632191e+03
811 5.6004423344941017e+02
812 1.3306070807405499e+03
813 1.6495293664421522e+03
814 -2.1138744394099026e+03
815 -3.9483116105320732e+03
816 1.3475888352878960e+03
817 -4.9111973187437565e+02
818 6.7955888896401507e+02
819 1.0244238687680708e+02
820 1.6171926265203658e+03
821 1.2560954996220953e+03
822 -1.0272671698619067e+03
823 3.5347741711547783e+03
824 -2.0363718882375031e+03
825 -4.3026218461891440e+03
826 -3.0587428631056937e+03
827 1.6251671763913691e+03
828 2.1197790638841411e+03
829 1.0095974986135699e+03
830 2.2373372283206936e+03
831 6.5665403740326485e+02
832 1.9345721511871175e+03
833 -2.4548762866537336e+03
834 -1.3411795522257814e+03
835 -1.8744344052291156e+03
836 -1.6837746883664531e+03
837 -3.1254240057906468e+03
838 -1.7869789575290197e+03
839 6.4688071128986530e+03
840 5.8387079491303757e+03
841 4.2525121517115222e+03
842 -7.3143720706552176e+02
843 -3.5902586865682106e+03
844 -7.7984016572573046e+03
845 -1.7094875482166276e+03
846 2.6905450891506875e+03
847 -8.5381631091562758e+03
848 -6.2746608582267381e+03
849 1.6747532458801525e+04
850 2.2528803844540980e+04
851 -4.7637678424863816e+03
852 -1.1440576864744797e+04
853 -8.4587885709559487e+03
854 -2.7739641961308052e+03
855 -7.7081187681749334e+03
856 -1.1098643907607516e+03
857 1.6561263233561443e+04
858 -8.6869188863172712e+03
859 8.2237695845463932e+03
860 1.1428475275424988e+04
861 -5.6922666426335572e+03
862 -1.1523181715679907e+03
863 2.8588844277911307e+03
864 5.2894661193492029e+03
865 -3.4729855985720620e+04
866 -1.8326277087083323e+04
867 2.3450390507135453e+04
868 3.4388894538365093e+04
869 -1.5573768523152468e+04
870 -1.3744235868074828e+04
871 2.7627428574116409e+04
872 7.9275860889222340e+03
873 1.8623597993361676e+04
874 -5.1674046026699281e+04
875 -3.0997906603567455e+04
876 -8.7970741661637785e+03
877 5.9717818670399765e+03
878 5.6621375909204085e+04
879 -2.2170067391444877e+03
880 1.2538056466873972e+04
881 9.1669183288347431e+03
882 1.4847066556994852e+04
883 -2.9497510995894143e+04
884 -5.2587768930226972e+04
885 -3.3038560476683764e+04
886 2.5453924351448899e+04
887 1.3817774903857491e+04
888 -2.6670925633196039e+04
889 1.0193871157765675e+05
890 6.6579834695319718e+04
891 -1.8354238242788568e+04
892 -1.4023729357358793e+05
893 -2.9436576444009115e+04
894 5.5574430691527959e+04
895 1.4892585761051944e+02
896 8.7233696719856853e+03
897 -1.7449819219221019e+04
898 -1.4726443176484914e+04
899 -3.9454936347922303e+04
900 2.0640267031453137e+05
901 4.4095061443274368e+04
902 -1.3295428233864848e+05
903 -1.2142293489273824e+05
904 5.0087007127245190e+04
905 2.0781404675993766e+04
906 -1.8473618720605827e+05
907 1.8480067225822547e+05
908 5.0247356613513599e+04
909 3.7949035331133739e+04
910 -6.8637715237964876e+04
911 1.6857091036236833e+05
912 3.7187182595889790e+04
913 -4.3014424634672579e+05
914 6.9917960491878563e+04
915 -1.0491588040140630e+04
916 1.2552654724744144e+05
917 8.0323435899751887e+04
918 1.6420181340230969e+05
919 -4.0879858148151783e+04
920 -3.2804609751473216e+05
921 -1.6322660078698849e+04
922 1.5004715912946468e+05
923 2.3596452131654834e+05
924 -2.3238909828175145e+05
925 7.3709368289803911e+04
926 -1.9307462458442658e+05
927 7.7849380784397683e+04
928 2.9899638299538428e+05
929 -2.9996251098766929e+05
930 1.1156277945925831e+04
931 -4.2510385090637836e+05
932 8.4401260826296319e+04
933 9.6030484368347144e+05
934 4.9050775096621021e+05
935 -7.6822199848309800e+05
936 -9.3509802213492268e+05
937 1.6928939111483884e+04
938 5.8601829001822695e+05
939 -3.7666935928467376e+05
940 -1.4659045812049936e+05
941 1.5084969462781502e+06
942 -5.2293296177898214e+05
943 -3.9256057890384423e+05
944 5.5254471985179523e+05
945 -2.6310776796557999e+05
946 -7.4857140104112693e+05
947 -3.7790989450263011e+05
948 9.9177643519684090e+05
949 -1.2591185831390200e+06
950 1.1340806136602941e+04
951 2.4207687550289840e+06
952 6.0161034745514917e+05
953 -3.1535314635495604e+06
954 -1.9640556246339640e+05
955 4.3882040555692911e+06
956 -1.0012841666802750e+06
957 -2.5515987701581311e+06
958 -3.0272886815694883e+06
959 4.7651432362670073e+05
960 1.9070762302704125e+06
961 2.5198376120358394e+06
962 2.9581831071305941e+06
963 -3.6696057345704813e+06
964 8.3272651706965338e+05
965 4.3489704157194617e+04
966 -8.4545711321891495e+05
967 -3.7116791628096811e+06
968 -1.7756907261003715e+06
969 3.3875777020586170e+06
970 -6.0638744621415995e+05
971 3.1423900054953746e+06
972 3.1445362006239145e+05
973 4.7568020750836078e+06
974 2.5459601397927585e+06
975 -6.9808247961250972e+06
976 -1.0988554882937239e+07
977 2.4044365647361353e+06
978 9.6582392701995522e+06
979 -5.7742014718379052e+06
980 -3.6807328811726291e+06
981 2.2539176083739884e+06
982 1.2209588427563552e+07
983 1.5977096538525231e+06
984 3.9681927605093578e+06
985 -2.7848585910249390e+06
986 -2.3219663115595266e+07
987 -1.9627389399789011e+06
988 1.2732751754938899e+07
989 -6.0103538914970281e+06
990 -1.5750782828177642e+07
991 2.5980567462601669e+07
992 2.0213934128248323e+07
993 2.2947434388969871e+06
994 -9.4919342371462807e+06
995 4.0727302861665888e+06
996 -1.5766238089955673e+07
997 -5.7938932541550770e+07
998 1.3390978013462948e+07
999 1.4782654800423965e+07
1000 2.8068768550706029e+07
1001 3.5862477046895489e+07
1002 1.4423792973036505e+07
1003 -1.7830584734310757e+07
1004 -3.7861826924726069e+07
1005 8.1988183150472725e+06
1006 -2.2208578114846628e+07
1007 -2.7505471165094573e+07
1008 -2.9937998925893601e+07
1009 4.3038383278329790e+07
1010 5.0272135474442139e+07
1011 4.0233895139725037e+07
1012 3.0491762083902922e+07
1013 -6.1714152328066856e+07
1014 -8.2738217200185405e+05
1015 -4.3994078073761255e+07
1016 -4.3092753021514930e+07
1017 -5.1722324685323332e+06
1018 4.7708313354341006e+06
1019 3.3412106240934436e+06
1020 2.0764069179139409e+07
1021 1.5384506431857121e+08
1022 5.6311659676985741e+07
1023 -8.6156611257480979e+07
1024 -7.6712598235026166e+07
1025 -2.1595109250767674e+07
1026 -1.3132340546208070e+08
1027 -6.8779516630834863e+07
1028 1.4746954662503061e+08
1029 7.7385962628586739e+07
1030 -1.9144424313078936e+07
1031 1.0686508212179421e+08
1032 2.0353258787898341e+08
1033 -1.4452893308042100e+08
1034 -1.4343474257098556e+08
1035 -5.8993364140270658e+07
1036 -2.4049803943374091e+08
1037 -1.5778006525461385e+08
1038 2.3774980346218118e+08
1039 5.1293304426348954e+08
1040 -5.7859933068486743e+07
1041 -1.7571752479218817e+08
1042 7.9907028527193129e+07
1043 8.1120008811613351e+07
1044 -1.6921839551608986e+08
1045 -2.0901676530645856e+08
1046 -1.4662401469992572e+08
1047 -2.7406542992023754e+08
1048 4.0127365584842962e+08
1049 1.8171626822985557e+08
1050 2.4996295896958587e+08
1051 8.1957084649249971e+07
1052 -2.5280894383334585e+07
1053 2.9842921287975127e+08
1054 -6.4523999402871478e+08
1055 -2.4487940897532713e+08
1056 -4.4791192820096344e+08
1057 -1.2214147259220911e+07
1058 3.4204697089770967e+08
1059 -7.5276110341534233e+06
1060 6.8699745807785022e+08
1061 1.2517010740817885e+09
1062 3.7984758736846805e+08
1063 -2.0295547200333295e+09
1064 -1.0089717127188298e+09
1065 -1.8671316034890629e+07
1066 5.1683041248695749e+08
1067 -1.6357198040994313e+08
1068 6.5646296926765159e+07
1069 1.3070679703873343e+09
1070 -1.5400641911112536e+06
1071 1.5693938553215823e+09
1072 2.3024280377455145e+08
1073 -2.6386412105135274e+09
1074 -2.3794182126531730e+09
1075 9.8846845068536413e+08
1076 9.3080584687103665e+08
1077 -7.5551612710687006e+08
1078 1.1505650860439913e+09
1079 2.7401484845130062e+09
1080 7.2711162973777199e+08
1081 -3.4594311750061507e+09
1082 6.4312967926450217e+08
1083 1.9227106635796970e+08
1084 -1.1290885789288383e+09
1085 -1.7274229307808933e+09
1086 -9.8213534865482795e+08
1087 1.7375726643423486e+09
1088 1.4894842041164870e+09
1089 5.2239423255684948e+09
1090 -1.6456099448599386e+09
1091 -3.0095431740408211e+09
1092 -1.9957034995858002e+09
1093 1.9070430929338915e+09
1094 7.4617336374518967e+08
1095 -6.4875634252037477e+09
1096 -6.9066099672655046e+08
1097 2.8350388271661572e+09
1098 9.3355434086775608e+09
1099 6.2296649534288454e+08
1100 -1.5436226734932990e+09
1101 -3.1496197670165834e+09
1102 -5.2732169985239878e+09
1103 -3.0201016979716125e+09
1104 -3.9783873513594136e+09
1105 1.2753518549979076e+10
1106 7.2399700203594792e+08
1107 -1.4008819850681956e+09
1108 2.3217202886480541e+09
1109 -2.2819621611295962e+09
1110 1.2247552456164712e+08
1111 -4.1069403559336152e+09
1112 4.1891316385542388e+09
1113 -6.5873474202995825e+09
1114 -1.0003167339958513e+10
1115 1.1600186875103216e+10
1116 2.0824761823137493e+10
1117 -1.1559438478900873e+10
1118 -1.3212854545390930e+10
1119 7.8235831464958363e+09
1120 -1.7073458255687542e+09
