1 1.0000000000000000e+00
2 2.0850722925360201e+00
3 -1.9279115962985838e+00
4 1.9227545397711596e+00
5 8.2559762694146055e-01
6 -3.1968300115223047e+00
7 1.4985244352496369e-01
8 9.6413341346110293e-01
9 2.0551714504472809e+00
10 1.4193479807105003e+00
11 -1.5551560882240385e+00
12 -3.1392063524494245e+00
13 -1.0848942042529073e+00
14 -1.3966141306534008e-02
15 1.9255730019000603e-01
16 6.6290304125286040e-02
17 -1.6205975164157886e+00
18 3.2272085658408529e+00
19 -8.3969518021301137e-01
20 1.4740200562029973e+00
21 -5.8769599187982337e-02
22 -2.4853759703489842e+00
23 -9.2951077044814798e-02
24 -1.8583600793171180e+00
25 -4.6012002957088799e-01
26 -9.3858001400508195e-01
27 -9.8368032145632978e-01
28 3.8712308329344317e-02
29 3.2491845988459606e-01
30 -1.3376701280394998e+00
31 1.4559975177186470e+00
32 -1.3104302969804458e+00
33 1.0464161833043826e+00
34 -2.4907123787269576e+00
35 1.7052045975633950e-02
36 3.0867219396613281e+00
37 -1.5449185532966001e+00
38 -1.1134582504023380e+00
39 1.1560540682348242e+00
40 7.9946602123740518e-01
41 -1.0782180109351738e+00
42 -9.9334492727598214e-02
43 1.5414798835503229e+00
44 -2.3675300942987492e+00
45 1.0147222098371365e+00
46 -9.0199393672613459e-01
47 1.2801945040560552e+00
48 1.3696702212060205e-01
49 -4.9002224462530135e+00
50 -1.3577273838135555e+00
51 2.4492429505794000e+00
52 -1.1227941237440648e+00
53 1.4944650570247711e+00
54 -1.5460669895802361e+00
55 -7.1970234937515498e-01
56 6.1763408144438460e-02
57 1.2595664623479654e+00
58 1.4807159777241521e-01
59 5.5543476785227641e-01
60 1.3602002893436198e+00
61 -6.3548655619813177e-01
62 2.6072933277781822e+00
63 -4.6494393745811852e-02
64 -2.1561878974704141e+00
65 -4.4398022539010334e-01
66 3.8332668926452031e+00
67 -2.5740601217440340e-01
68 -2.3359494104750484e+00
69 4.4788577343343122e-01
70 5.1691830223286113e-02
71 5.4542434792146439e-02
72 1.7808073596778995e+00
73 3.0585419361331662e-01
74 -1.8362118924591095e+00
75 9.5111837793437382e-01
76 -1.2282552324269589e+00
77 4.3068978036541763e-02
78 1.7165882874047922e+00
79 1.3296567972126461e-01
80 -1.2353726040026342e-01
81 -2.8265472659119595e-01
82 -1.0058243304628298e+00
83 1.3059428940067104e+00
84 -1.6712547014496829e-01
85 -9.8634422416696932e-01
86 2.0786496629267783e+00
87 -2.9132132779843301e-01
88 -1.4098085801759512e+00
89 -4.9897546808578092e-01
90 2.1741545286119086e+00
91 -1.7324133996243476e-01
92 -5.2263021738544269e-01
93 -2.5562508376051811e+00
94 1.4818742992820011e+00
95 -4.6810942102697900e-01
96 1.9925266780028239e+00
97 2.0257580732982103e+00
98 -2.1152310850999472e+00
99 -1.8559977874440192e+00
100 -1.6897544121460697e+00
101 -5.6234032505609244e-01
102 3.6174564749098086e+00
103 -1.2109577545242072e+00
104 -9.1375585005565851e-01
105 -2.5464876532401395e-02
106 2.3884515871758456e+00
107 -1.9014837429743365e+00
108 -1.3650118259790758e+00
109 1.1214310588576346e+00
110 -1.3629294040919058e+00
111 2.6584054610961574e+00
112 1.1179667424962192e+00
113 -2.5252370176930619e+00
114 1.8681781766681369e+00
115 -1.9836633628491795e-01
116 2.9435317873892192e-01
117 -7.0698842521265237e-01
118 7.8276834424852726e-01
119 -5.3376989336990539e-02
120 -1.1598987417032038e+00
121 2.1657136447695538e-01
122 -1.6506321233020902e+00
123 1.4935682537383048e+00
124 2.5030600245787022e+00
125 -3.9991795371855372e+00
126 1.1892069383129279e-01
127 8.5332381948028513e-01
128 -1.7186445389413210e+00
129 -2.1488559425128457e+00
130 -7.2047880273137321e-01
131 1.5717079918553170e+00
132 3.1500887196838838e+00
133 2.2465316058593005e-02
134 -1.0053880756388258e+00
135 -5.9502175552169911e-01
136 -1.6424344825858435e+00
137 5.6644771292043972e-01
138 1.0544547582008641e+00
139 4.4951686398592122e-01
140 4.9440272755437825e-01
141 -1.2019946517484366e+00
142 7.0771125022958958e-01
143 3.6496473766799631e-01
144 -2.7400555426459117e-01
145 9.6507897289071609e-02
146 6.1804355814756828e-01
147 1.8217456024687675e+00
148 -2.5165479631306935e+00
149 -9.9196450201570074e-01
150 1.8471209564003512e+00
151 5.8107903775314462e-01
152 -8.0125867192677624e-01
153 -2.3390238113521189e+00
154 -1.2893413150939431e-01
155 1.0469131028375165e+00
156 1.7645188409397881e+00
157 1.7571858533083968e+00
158 -1.7825922553324514e-01
159 -1.5304404939938037e+00
160 -8.5500494259047100e-01
161 -3.6652420038876582e-01
162 -4.9119073918113387e-01
163 5.4359119161867964e-01
164 -1.4182324705225111e+00
165 1.2570072375360404e+00
166 1.6792345104205273e+00
167 8.9570436675036613e-01
168 -8.1260208133750733e-02
169 -1.1292560600270931e+00
170 -1.6253284821019478e+00
171 -9.7802628402849445e-01
172 2.1584010607488660e+00
173 5.9395532911217286e-01
174 -4.6437904573554961e-01
175 2.7700633689966208e-02
176 3.0585474977208599e-01
177 -8.5890717824367202e-01
178 -1.1265800386577645e+00
179 -8.6892356288750117e-01
180 2.2070698480224200e+00
181 1.0228565980301716e+00
182 -3.3235414250407969e-01
183 1.4190568637938263e+00
184 6.1608318559836429e-02
185 -1.0339662832840981e+00
186 -4.0898540967970369e+00
187 1.6444781001042639e+00
188 1.6701755153450428e+00
189 2.7200439098959788e-02
190 -7.8447429318641504e-01
191 -1.7819525063661334e+00
192 3.0694641553471689e+00
193 -1.7325284321744732e+00
194 2.8787278123564399e+00
195 7.0271507575206882e-01
196 -1.9232069756606192e+00
197 8.6370262093623495e-01
198 -3.1604355766708396e+00
199 4.0490398577771775e-01
200 -5.5698393085568443e-01
201 7.8542164967322359e-01
202 4.8406095762593929e-02
203 -1.2580735890940306e-01
204 3.9441716528156023e+00
205 -6.0736007534345948e-01
206 -2.6389355336399949e+00
207 -7.1552076606627701e-01
208 3.6708794962450647e-01
209 6.8974052603164537e-01
210 -2.5604471602532153e-01
211 1.9973394671056455e-01
212 2.0756533038018885e+00
213 -2.5855106323460203e-01
214 -2.7244994823785920e+00
215 7.5219617942622363e-01
216 -8.2219652512972996e-01
217 1.1676099012955364e-01
218 9.4635542225916214e-01
219 -4.8226090085506934e-01
220 -1.2381040999939907e+00
221 8.1965711518215700e-01
222 3.9186024883031365e+00
223 -9.2687211322534047e-02
224 -8.4143118116525348e-02
225 -1.2230417340085658e+00
226 -3.3346934503687291e+00
227 -1.6821625355858798e+00
228 1.9079369135688047e+00
229 1.4251823499439078e+00
230 -3.4994449790904958e-01
231 5.6341537630464573e-02
232 3.8313943504073572e-01
233 1.6743198729954436e+00
234 -1.8945816171687360e+00
235 6.7362385103621580e-01
236 8.3201681321920429e-01
237 -3.8388811351149288e-01
238 -4.6885348295753644e-02
239 -8.6888913971896797e-01
240 7.4910993424143521e-02
241 -1.3757744213706757e+00
242 2.7335381989020313e-01
243 1.5988731105240741e+00
244 -1.4800999331921314e+00
245 -7.4521165015381252e-01
246 2.3615096962386746e+00
247 3.2362099761265534e-01
248 1.3651453796269828e+00
249 -1.8049974748305602e+00
250 -1.9762829799566815e+00
251 2.7223219212321520e-01
252 9.2216476461388072e-02
253 6.9712549713667793e-01
254 1.6608427761726712e+00
255 1.5527010205322107e+00
256 -9.3494712592781470e-01
257 -2.4126890706481149e-01
258 -3.4388736153083430e+00
259 -7.7043030456830849e-02
260 -6.7206862857416005e-01
261 1.3005425080892366e-01
262 2.4186309515072044e+00
263 -1.0819444640130429e+00
264 1.8757098324581429e+00
265 9.5549030068504259e-01
266 -1.0588934807567056e-01
267 6.5638987711019792e-01
268 -8.1272315077544988e-01
269 -4.0738615779503479e-01
270 -9.2454938644047979e-01
271 -2.2848461671521916e+00
272 1.7071522878803291e-01
273 1.2736515182187749e-01
274 9.7785177707317472e-01
275 9.8941811869525653e-01
276 7.3206034355621541e-01
277 -1.7779469070424112e+00
278 2.5605855504791535e-02
279 2.5219426986197986e+00
280 2.7270549236574480e-02
281 4.5368570407848091e-01
282 -2.7294255637632605e+00
283 -7.1846307386502473e-01
284 3.0643684185888365e-01
285 8.3384810783353824e-01
286 1.5287384836492057e+00
287 -1.2424659435920091e-01
288 -1.7535759632852921e+00
289 1.0888089708580346e+00
290 2.3220548727710286e-01
291 -3.1558295663456359e+00
292 6.7508979963808646e-01
293 -8.4252809616743793e-02
294 2.9759692567755827e+00
295 3.2421467319068642e-01
296 -1.4690042767663931e+00
297 1.0248755183814100e+00
298 -2.7580198303919103e+00
299 4.9135156743473668e-01
300 1.8724080781855115e+00
301 1.0603824737272328e-01
302 1.3212488808969767e+00
303 6.5239649003219352e-02
304 -5.6768362486335752e-02
305 -1.1711498671575171e+00
306 -3.3707353596884895e+00
307 -7.1327903055592723e-01
308 -4.9692915047900993e-01
309 1.9690057710587379e+00
310 1.8764428691194217e+00
311 -5.7653972270865650e-01
312 6.2789609461911722e-01
313 -1.4005402491464167e-01
314 2.9566209168551540e+00
315 -2.5574750099235016e-01
316 6.0181093239750449e-01
317 -1.6519182283402780e+00
318 -3.4438233686311457e+00
319 -7.7618588677992484e-01
320 -9.6807177934148336e-01
321 3.1759755838484427e+00
322 -1.1712874749160129e+00
323 1.6962496623322256e+00
324 7.6414753164001181e-01
325 1.0923802952238995e+00
326 -1.5758837116948314e+00
327 -2.5632830181807353e+00
328 6.9058701602782213e-01
329 6.1835914784392443e-01
330 2.4518822278623720e+00
331 -1.4371991059906941e+00
332 1.1620613912581715e-01
333 -2.4306766964602851e+00
334 3.6428878382930403e+00
335 7.0837369963603192e-01
336 -2.9235382917951100e+00
337 -1.7089242709271522e+00
338 1.5744054063229598e+00
339 5.7936083878959241e+00
340 -3.3268817891340818e+00
341 -2.1920280478466729e+00
342 -1.2505274788656064e+00
343 -2.7112243642822045e+00
344 1.2078782431112875e-01
345 2.7176280672727713e+00
346 3.9313414284084534e+00
347 3.9911539647386958e+00
348 -4.4132992674879263e+00
349 -6.6824775268618275e+00
350 -3.6474549557355522e+00
351 6.0538966563653771e+00
352 1.7253214335607581e+01
353 -4.6645867781349093e+00
354 -1.3976771363983545e+01
355 -5.0945464488631558e+00
356 3.6864156094392291e+00
357 1.5284175696178027e+01
358 -9.5277742230906313e+00
359 -1.0655392631669715e+01
360 2.6433792520439532e+00
361 1.4566343770811160e+01
362 8.4424888148687813e+00
363 -2.1583961473665234e+01
364 -6.5310410798529857e+00
365 -1.5891522392830271e+00
366 1.5055820048105939e+01
367 6.0695782884046920e+00
368 2.0605739375317111e+01
369 -3.9325580722016502e+00
370 -3.7414364083245310e+01
371 1.3258583930118009e+00
372 -4.6823105492177838e+01
373 3.4216864609722727e+01
374 7.7595416732698041e+01
375 5.6704658675984732e+01
376 -8.4219158740894102e+01
377 -1.9052783581195374e+02
378 1.0481893698880351e+02
379 1.2054623145056802e+02
380 2.7563102342566818e+01
381 -6.0253287119790379e+01
382 -5.6317967661678509e+01
383 -2.5457353663540578e+00
384 -4.4282504910386209e+01
385 1.7592133588976299e+02
386 -8.3635897851032354e+01
387 -1.5902707950944728e+02
388 9.6383415982157800e+01
389 2.8240687508114542e+02
390 -1.0054133957998295e+02
391 -4.2956141169875082e+02
392 3.7007874432599874e+02
393 -1.8385218810040001e+01
394 -3.1247565817598149e+02
395 6.7978914185489714e+01
396 5.9209680543060779e+02
397 2.4197760344549724e+02
398 -1.0408831487771060e+03
399 2.3804411947077366e+01
400 -8.2799531965670553e+01
401 9.1413928289109862e+01
402 1.2714225602930946e+03
403 4.0287471687350950e+02
404 -1.5950480783548182e+03
405 -1.9358228667098697e+03
406 2.2076914436000334e+03
407 1.7313397392224026e+03
408 -1.6327646323215147e+03
409 -1.0497700606418941e+03
410 1.1884019644646635e+03
411 3.8067622310946149e+02
412 -1.7445913654102801e+03
413 2.1767286560731081e+03
414 -2.4220857033842768e+02
415 -2.8080970229730128e+03
416 1.1448389132626871e+03
417 2.3746589371855302e+03
418 -2.2244917201623994e+02
419 -3.0856637618439900e+03
420 4.9358777095260602e+03
421 -1.1254097802213378e+03
422 -1.1018246375675881e+04
423 4.2915850126345158e+03
424 1.3903713610324596e+04
425 1.3949879781386232e+03
426 -1.4877537658212121e+04
427 -5.2816160654241330e+03
428 6.1529230707754859e+03
429 3.0683929255160283e+03
430 8.9235586491851482e+03
431 1.7424543030477857e+03
432 -1.8370121507061394e+04
433 -8.7718509788297288e+03
434 2.6671625962195067e+04
435 9.5807083600664791e+03
436 -3.2252778627523123e+04
437 -5.2232329453659559e+03
438 2.4387911554281491e+04
439 6.1317303172948741e+03
440 -1.5940663486573476e+04
441 8.5575327378860184e+03
442 1.8132429679713459e+04
443 -4.5840014942581765e+04
444 -1.7578145012599030e+04
445 3.0031023426195341e+04
446 3.0690084408442712e+04
447 5.3358831920987868e+04
448 -2.7911441906394030e+04
449 -9.7647802347987570e+04
450 -9.8288765352847840e+04
451 9.5824686081202191e+04
452 2.2612373220775294e+05
453 -3.2842439148307829e+04
454 -1.8061728903514656e+05
455 -1.2226557011327695e+05
456 1.1201397292180119e+05
457 1.3771573705766120e+05
458 -2.7064504797549071e+04
459 -9.4978222905602990e+04
460 -5.3693028838951352e+04
461 2.0894931409811619e+05
462 -4.1131463084245537e+04
463 -8.8021767880253450e+04
464 -9.8888585807228563e+04
465 -2.3522960666635074e+04
466 1.5164082954469870e+05
467 -1.2921591086156420e+05
468 4.1510333400561678e+05
469 -6.3979974707113994e+04
470 -7.2579269653906478e+04
471 -2.3536781133196046e+05
472 -1.1037619828943934e+06
473 4.5635891236926959e+05
474 1.6575769588013904e+06
475 1.5315294752014913e+06
476 -2.3383870402088887e+06
477 -2.8976522483056961e+06
478 1.3637761475277029e+06
479 2.1325094476760942e+06
480 1.0777221947455010e+06
481 -9.6788205457460973e+05
482 -4.9202902916241472e+05
483 -2.5088251858771038e+06
484 7.0659766670692735e+05
485 4.2010940846656309e+06
486 -2.6464664131728774e+06
487 -2.6418346394034941e+06
488 1.8817838976218682e+06
489 5.9708619376803143e+06
490 -6.3556912460756553e+06
491 -4.5984078338263864e+06
492 1.1909423865533791e+07
493 -4.0667506340045081e+06
494 -1.1246651776265917e+07
495 1.3992874623799592e+06
496 1.8774129415625323e+07
497 1.9223947206011927e+06
498 -1.5537707255439306e+07
499 -6.3124823066215415e+05
500 -1.6813203654237166e+07
501 2.1373630663641603e+06
502 4.3342818918741629e+07
503 2.2304710927674785e+07
504 -6.2601291413039021e+07
505 -4.5692704307309866e+07
506 6.9499837399681821e+07
507 2.5610315995635897e+07
508 -4.0294016657998741e+07
509 -8.2914273903887551e+06
510 3.8244637729492933e+07
511 -3.0236161590543982e+07
512 -4.1190728690873794e+07
513 1.0114267142361017e+08
514 -2.9477812626805887e+07
515 -8.9750670950915024e+07
516 5.7082025312880360e+07
517 4.7868960871115774e+07
518 -7.3841038515753761e+07
519 -7.2433408284522444e+06
520 2.6477104774198753e+08
521 -1.5663236119314465e+08
522 -4.6694894086327541e+08
523 1.9822595069491997e+08
524 5.4896593314511049e+08
525 2.4458145698191680e+07
526 -4.6899169356958234e+08
527 -1.0475417701140179e+08
528 -5.8053279125825681e+07
529 3.9064281827392004e+07
530 6.4914198016715229e+08
531 9.3538521223492831e+07
532 -8.2280719121641004e+08
533 -4.0353659417950416e+08
534 1.1850069043470604e+09
535 1.0387518908271343e+08
536 -1.3579395612641928e+09
537 5.3453902745671022e+08
538 7.5293740449367607e+08
539 -3.8407197977666640e+08
540 -8.1235421858053744e+08
541 1.1990146020317466e+09
542 9.5956268435712373e+08
543 -2.4387273737679796e+09
544 -5.0883553449030745e+08
545 2.1162376945977709e+08
546 1.4815936161942155e+09
547 3.2101264878412690e+09
548 4.5997773360657632e+08
549 -5.5760139791811781e+09
550 -7.3440392139138842e+09
551 6.2980686712354021e+09
552 1.0166779075971483e+10
553 3.5858631466993898e+08
554 -9.0793108794302540e+09
555 -5.7884481141926556e+09
556 4.7979738938432245e+09
557 1.9563208128849347e+09
558 4.5052232783838291e+09
559 -4.5103291813520060e+09
560 -7.6376105353661084e+08
561 5.7138976058566923e+09
562 -5.4175654656020412e+09
