1 1.0000000000000000e+00
2 1.6070039456340417e+00
3 -1.5612081158712423e+00
4 1.5824616811762504e+00
5 6.4100482645272772e-01
6 -2.5088676020985248e+00
7 3.2433022058840730e-02
8 9.3601821976471744e-01
9 1.4373707810174281e+00
10 1.0300972852533596e+00
11 -1.0544735903736535e+00
12 -2.4705520196680055e+00
13 -5.7879739476679803e-01
14 5.2119994396950094e-02
15 -1.0007419373473150e+00
16 -7.8276708834308845e-02
17 -1.3122546537504016e+00
18 2.3098605163560029e+00
19 -6.4453169223353879e-01
20 1.0143655752946090e+00
21 -5.0634697249559012e-02
22 -1.6945432202417983e+00
23 -2.7975367113778071e-01
24 -1.4613192412974174e+00
25 -5.8911281245920499e-01
26 -9.3012969702582426e-01
27 -6.8282681291906533e-01
28 5.1324014599478489e-02
29 1.5788358890879006e-01
30 -1.6081962420439972e+00
31 1.3614273342276177e+00
32 -1.0618091997393837e+00
33 1.6462527272095264e+00
34 -2.1087984061938578e+00
35 2.0789723669734805e-02
36 2.2745841825482107e+00
37 -1.3080575804255141e+00
38 -1.0357649724501432e+00
39 9.0362319010527514e-01
40 5.9999219650863789e-01
41 -7.8681320678448541e-01
42 -8.1370158258997446e-02
43 1.1362616689857397e+00
44 -1.6686640505389070e+00
45 9.2136160801659073e-01
46 -4.4956525338708880e-01
47 8.7287543418084557e-01
48 1.2220623313294748e-01
49 -9.9894809917584504e-01
50 -9.4670661408980383e-01
51 2.0487026154887542e+00
52 -9.1592469832565648e-01
53 1.1976352455617771e+00
54 -1.0973053825044634e+00
55 -6.7592266078479923e-01
56 3.0357899566919238e-02
57 1.0062481088209732e+00
58 2.5371955028305948e-01
59 4.2107508846246877e-01
60 -1.5836357685930831e+00
61 -7.7700716498522326e-01
62 2.1878190977626404e+00
63 4.6618278231422020e-02
64 -1.6280548646163409e+00
65 -3.7101192356042573e-01
66 2.6455346282339276e+00
67 -4.1269366557537324e-01
68 -2.0765927054625082e+00
69 4.3675370185895840e-01
70 3.3409167968394715e-02
71 2.0076381308642824e-01
72 1.3454052395829239e+00
73 2.9084240475361051e-01
74 -2.1020536927697520e+00
75 9.1972770399933945e-01
76 -1.0199467052285960e+00
77 -3.4199765202952204e-02
78 1.4521260318180329e+00
79 1.8303170516983097e-01
80 -5.0175748164035743e-02
81 -3.7133601898339907e-01
82 -1.2644119276934920e+00
83 9.6033265112786415e-01
84 -8.0127468133454588e-02
85 -8.4116156657405028e-01
86 1.8259769852559398e+00
87 -2.4648914034091385e-01
88 -9.8700649284531938e-01
89 -3.7075695020327926e-01
90 1.4806317394030248e+00
91 -1.8772148654894839e-02
92 -4.4269946478627592e-01
93 -2.1254714033460305e+00
94 1.4027142666967989e+00
95 -4.1314792550943708e-01
96 1.6577051401151182e+00
97 1.5427408331072634e+00
98 -1.6053135366442319e+00
99 -1.5156695280911641e+00
100 -9.3224845163564896e-01
101 -5.6973270914633375e-02
102 3.2922731864342256e+00
103 -1.2110261824027777e+00
104 -5.4176490705457170e-01
105 -3.2457085321477730e-02
106 1.9246045650081274e+00
107 -1.5017311408837197e+00
108 -1.0805472663149951e+00
109 6.5952443468928124e-01
110 -1.0862103827966898e+00
111 2.0421501105350415e+00
112 -2.5387502298339611e-03
113 -1.8496619863872312e+00
114 1.6170446811144299e+00
115 -1.7932345343370962e-01
116 2.4984472950844858e-01
117 -8.3194646329628696e-01
118 6.7666932853886319e-01
119 -4.2560384118026026e-02
120 -9.3671268664891871e-01
121 1.1191455274193546e-01
122 -1.2486535799324956e+00
123 1.2283791640533654e+00
124 2.1544065881011734e+00
125 -1.0186289825780237e+00
126 7.4915757066576757e-02
127 8.2272287138694056e-01
128 -1.5544813913037436e+00
129 -1.7739409393328915e+00
130 -5.9621762502711539e-01
131 1.2491250159902352e+00
132 2.6051318583213168e+00
133 -2.0904110550348399e-02
134 -6.6320034898417557e-01
135 -4.3769528271139890e-01
136 -1.2282942648762334e+00
137 4.4181730889586635e-01
138 7.0186492215379370e-01
139 7.3106343617947461e-02
140 3.2898941070711549e-02
141 -1.3627402119458443e+00
142 3.2262823980710303e-01
143 6.1032656689844333e-01
144 -1.1251265413859045e-01
145 1.0120414249783881e-01
146 4.6738489198807426e-01
147 1.5595658795644716e+00
148 -2.0699509977351704e+00
149 -1.0253899604111150e+00
150 1.4780060492063476e+00
151 4.4732317357676610e-01
152 -6.0329340714739388e-01
153 -1.8861964965094973e+00
154 -5.4959157635211954e-02
155 8.7268149209880030e-01
156 1.4299490725362913e+00
157 1.3772891124119997e+00
158 2.9413267239010460e-01
159 -1.8697578652021065e+00
160 -6.8062482179597461e-01
161 -9.0732569895559077e-03
162 -5.9673844760918737e-01
163 3.3539809993075570e-01
164 -1.2451017499229176e+00
165 1.0552559437010369e+00
166 1.5432583593922402e+00
167 6.8253720810255991e-01
168 -4.7394999176618477e-02
169 -6.6499357588896446e-01
170 -1.3517499563636108e+00
171 -9.2643102180990478e-01
172 1.7980905509133844e+00
173 3.2029305869206465e-01
174 -3.9610902107287782e-01
175 -1.9106708842646463e-02
176 8.2540722230320301e-02
177 -6.5738584548310508e-01
178 -5.9580788208957292e-01
179 -5.7061731271278981e-01
180 1.4580194391648118e+00
181 8.5341082339728680e-01
182 -3.0166916993193973e-02
183 1.2130698920708376e+00
184 -2.6185453322151464e-01
185 -8.3847122230869942e-01
186 -3.4156409314264016e+00
187 1.3837378761911858e+00
188 1.3812919269810615e+00
189 -2.2146137078499013e-02
190 -6.6393034640756643e-01
191 -1.3634949987115350e+00
192 2.5417324676662569e+00
193 -1.4323416661602077e+00
194 2.4791906058179207e+00
195 5.7922682614106091e-01
196 -1.5807970882768989e+00
197 6.1687011091690236e-01
198 -2.4356869119135687e+00
199 1.5373509075251288e-01
200 -5.5142032598649449e-01
201 6.4430070011399987e-01
202 -9.1556271125909347e-02
203 5.1206419114056354e-03
204 3.2419933850801756e+00
205 -5.0435106304474442e-01
206 -1.9461238533860676e+00
207 -4.0210975283717604e-01
208 4.5306355174298756e-02
209 6.7964164758251289e-01
210 -5.2158664172927978e-02
211 -4.0351222883576177e-01
212 1.8952118840996954e+00
213 -3.1343409438343028e-01
214 -2.4132878686125956e+00
215 7.2834921391424867e-01
216 -6.3913833784571206e-01
217 4.4155202754486797e-02
218 1.0598583686393224e+00
219 -4.5406552274074141e-01
220 -1.0696217101070413e+00
221 7.5952957480708627e-01
222 3.2817432851113248e+00
223 -2.3960921640841032e-01
224 -3.4437681266467506e-02
225 -8.4677354341639577e-01
226 -2.9724141100706380e+00
227 -1.4637248862308676e+00
228 1.5923490739324211e+00
229 1.2073492261311087e+00
230 -2.8817349720123309e-01
231 5.3392951003633699e-02
232 1.4778191582535372e-01
233 1.4880023400444027e+00
234 -1.3369412490930428e+00
235 5.5951736618172421e-01
236 6.6633519236714678e-01
237 -2.8575058357517535e-01
238 -6.8394705208838863e-02
239 -6.6627264944870490e-01
240 7.8334785260108550e-02
241 -1.3596434711649654e+00
242 1.7984712784776918e-01
243 1.2625596194292759e+00
244 -1.2295840645923031e+00
245 -6.4033055289005736e-01
246 1.9740101633055251e+00
247 3.7305326427289620e-01
248 1.2743207897183613e+00
249 -1.4992791288311160e+00
250 -1.6369407940869094e+00
251 4.5526740554946049e-01
252 7.3771638946120016e-02
253 2.9499285809306502e-01
254 1.3221189004700851e+00
255 1.3132282644724100e+00
256 -8.7000286459211273e-01
257 -2.1695489568162524e-01
258 -2.8507300887505966e+00
259 -4.2424260344098116e-02
260 -5.8711215228600033e-01
261 2.2693725745644885e-01
262 2.0073488292258976e+00
263 -8.3263946826930402e-01
264 1.5409225470267400e+00
265 7.6768997272578265e-01
266 -3.3592988196065175e-02
267 5.7882875989383575e-01
268 -6.5307191187712854e-01
269 -4.6621432815960767e-01
270 -7.0337804628193434e-01
271 -1.8546612555395892e+00
272 1.0271897546316108e-01
273 2.9307230849469408e-02
274 7.1000215863267946e-01
275 6.2120390252047042e-01
276 6.9114599729992232e-01
277 -1.2804884769003231e+00
278 1.1748218259850296e-01
279 1.9568758706678375e+00
280 1.9459560132158559e-02
281 5.5541121360205836e-01
282 -2.1899288973988020e+00
283 -5.6639096404487965e-01
284 3.1770104119888437e-01
285 6.4500989435021416e-01
286 9.8079720117774449e-01
287 -2.5518730080392907e-02
288 -1.5262135186967569e+00
289 7.2201227625241937e-01
290 1.6263545630355991e-01
291 -2.4085395092979303e+00
292 4.6024696078175109e-01
293 5.6747516695244839e-02
294 2.5062285219646108e+00
295 2.6991116399595677e-01
296 -1.2243657277720110e+00
297 7.2002284100799019e-01
298 -1.6478057122313010e+00
299 1.6192069607830323e-01
300 1.4554338486762359e+00
301 3.6852399759808294e-02
302 7.1885010490514056e-01
303 8.8947132926574315e-02
304 5.0451819623170698e-02
305 -4.9806534294865740e-01
306 -3.0311252120591421e+00
307 -1.1723899172292860e+00
308 -5.4119817947130576e-02
309 1.8906639044961955e+00
310 1.4024026010482060e+00
311 -8.4042574448630103e-01
312 8.4580776973515448e-01
313 1.8602446334603856e-01
314 2.2133090378821878e+00
315 2.9882541352683738e-02
316 2.8964065987265492e-01
317 -1.3998868475156561e+00
318 -3.0047082666751068e+00
319 -1.6648407480408564e-01
320 -1.0435910259274757e+00
321 2.3445148449731863e+00
322 -1.4580759766454333e-02
323 8.4578971258794955e-01
324 -5.8762502083050527e-01
325 3.4097696110136905e-01
326 5.3898607028037637e-01
327 -1.0296548999419772e+00
328 -7.3647149709296511e-01
329 2.8309988196458278e-02
330 1.6958004651387988e+00
331 -7.3827395826319198e-01
332 1.5196896215382436e+00
333 -1.8801637459232883e+00
334 1.0968399864150886e+00
335 -2.6453863149665491e-01
336 3.9635174537577872e-03
337 -8.0431862350574618e-02
338 -1.0686473001780392e+00
339 2.8877073046923485e+00
340 -1.3311059467583322e+00
341 -1.4355891691438252e+00
342 -1.4887783073954688e+00
343 -6.4831927785460236e-02
344 1.0635616245915533e+00
345 2.7996123086186603e-01
346 5.1471220901425496e-01
347 6.6657100074703346e-01
348 -3.9005961940983963e-01
349 7.1561895066004799e-01
350 -3.0704556483043734e-02
351 3.9521838036499940e-01
352 1.1196497591240717e+00
353 -8.1715002477933674e-01
354 -1.0564216474605874e+00
355 1.2869057317286206e-01
356 -5.8670866695218271e-01
357 6.6445617108753977e-02
358 -9.1698427294679974e-01
359 -1.1063794315539199e+00
360 8.6241125209679503e-01
361 -5.8457889770065097e-01
362 1.3714345601514617e+00
363 -1.7472190802307677e-01
364 -2.9706205940099834e-02
365 1.8643138517538116e-01
366 1.9494081028512633e+00
367 1.4195609529493232e+00
368 2.1898196638927520e-02
369 -1.1309423134758032e+00
370 -1.3474265625152375e+00
371 3.8842930331679591e-02
372 -3.3634770501784952e+00
373 -4.9126084590292712e-01
374 2.2236722267087710e+00
375 1.5902918346386596e+00
376 8.1702730998299133e-01
377 -9.1382609891853289e-02
378 -3.5588929670479920e-02
379 -3.3036647086791338e-01
380 -6.5379076076487874e-01
381 -1.2844416239116567e+00
382 -2.1911418426989790e+00
383 1.6337219049828389e+00
384 2.4268689640585750e+00
385 -2.1922214561290832e-02
386 -2.3017787089693069e+00
387 1.6332293225268761e+00
388 2.4413282523344728e+00
389 -1.6599263676844602e+00
390 9.3081979500271361e-01
391 3.6710805688862891e-01
392 -9.3503362133747592e-01
393 -1.9501441126663117e+00
394 9.9131270215299494e-01
395 1.1732420640914179e-01
396 -2.3984889495385922e+00
397 2.5485446914010818e-01
398 2.4705289737744637e-01
399 3.2635667100428201e-02
400 4.6113812085052289e-02
401 1.4955327405566075e+00
402 1.0353937672172204e+00
403 -7.8799059418495299e-01
404 -9.0158018058653935e-02
405 -2.3802818038243798e-01
406 8.2288917736775130e-03
407 1.3793121731950595e+00
408 1.9176229749711209e+00
409 -1.2162511059861576e+00
410 -8.1049414827517430e-01
411 -6.8976876837554457e-01
412 -1.9164025285444644e+00
413 1.3656737627230528e-02
414 -6.4619195930684259e-01
415 6.1557786435041817e-01
416 6.1457239852010492e-01
417 -1.1413421693611799e-01
418 1.0921868092715872e+00
419 2.0649543921202698e-01
420 -5.1362093777774370e-02
421 -8.8576808986306865e-01
422 -6.4844574394342991e-01
423 1.2546456444814227e+00
424 1.1210084104844158e+00
425 7.7306602976148864e-01
426 -5.0368982636063686e-01
427 -2.5200690525025760e-02
428 -2.3764319858374381e+00
429 -9.5284678958989910e-01
430 1.1704600605283597e+00
431 1.4240152599939224e+00
432 5.3449435632530823e-02
433 -6.6348689131808325e-01
434 7.0957585037963219e-02
435 -1.5800072862297448e-01
436 1.0436721455761886e+00
437 1.8031010709777925e-01
438 -7.2968508660223996e-01
439 -1.7236731144041897e+00
440 -6.3267592564330610e-01
441 -1.4358588093797893e+00
442 1.2205670235255872e+00
443 -8.8725441433596619e-02
444 3.2316242970723281e+00
445 -2.3765699461482864e-01
446 -3.8505295620026403e-01
447 1.6008471281533083e+00
448 -5.2802739318942679e-02
449 1.4510478479145503e+00
450 -1.3607684252086290e+00
451 8.2967374705159092e-01
452 -2.9270192164960180e+00
453 -6.9836456900506161e-01
454 -2.3522116674327469e+00
455 -1.2033037898361906e-02
456 9.4186656345745756e-01
457 -2.3482418387484924e-02
458 1.9402149701278593e+00
459 8.9604266294669810e-01
460 -2.8377249359088996e-01
461 -1.6434251391989178e-02
462 8.5802682931002183e-02
463 -6.4145985275366724e-01
464 -1.2358607735174373e-02
465 -1.3624374280119906e+00
466 2.3912256315058809e+00
467 1.6259381194575626e+00
468 -1.3165233989632008e+00
469 -1.3384902763882361e-02
470 8.9914661508430083e-01
471 -2.1502349401741556e+00
472 3.9413395468563311e-01
473 -1.1981579216483367e+00
474 -4.5920231526381677e-01
475 3.7970187794758620e-01
476 -6.7350177008914838e-02
477 1.7214459082616334e+00
478 -1.0707027764759482e+00
479 -3.7594687091750567e-01
480 1.0625969956348664e+00
481 7.5710031968691760e-01
482 -2.1849524228323776e+00
483 1.4165242446267184e-02
484 1.7710049129497815e-01
485 9.8890431997182027e-01
486 2.0289382899513724e+00
487 -1.3884253941193927e+00
488 -7.2729286331504095e-01
489 -5.2362623600032332e-01
490 -1.0290137249730973e+00
491 1.4565778668718372e+00
492 1.9438629570321628e+00
493 -2.0718347427096936e-01
494 5.9949806763243552e-01
495 -9.7155148281946246e-01
496 -1.0656805105048632e-01
497 6.5113771831198930e-03
498 -2.4093474755643287e+00
499 1.1831287430964823e+00
500 -1.6119413322334937e+00
501 -1.0655826286473926e+00
502 7.3161651713006060e-01
503 8.3293907652714450e-01
504 4.3635557797096665e-02
505 -3.6520141628077596e-02
506 4.7405468678098800e-01
507 1.0381933676239312e+00
508 1.3019274181883884e+00
509 -1.5657870088446839e+00
510 2.1103630024718445e+00
511 9.4328981276994486e-03
512 1.5638335522323887e-01
513 4.4010352121936946e-01
514 -3.4864737336963048e-01
515 -7.7627362788061527e-01
516 -2.8071935611143326e+00
517 -9.2042409297494621e-01
518 -6.8175953774007786e-02
519 -5.0004412265003362e-01
520 -3.4727392020227787e-01
521 1.5547241864934553e+00
522 3.6468906818040192e-01
523 1.5707231265662396e+00
524 1.9766924727589037e+00
525 2.9829548906415908e-02
526 -1.3380549107618471e+00
527 -1.7865393550642537e+00
528 -1.2886324541551500e-01
529 -9.2173788351085872e-01
530 1.2336808151615153e+00
531 6.0524102874743435e-01
532 -3.3079953980189022e-02
533 4.5540543419047846e-01
534 9.3018010098127246e-01
535 -9.6261690932667376e-01
536 -3.8628879017091761e-01
537 8.9085237964809105e-01
538 -7.4920826487383840e-01
539 1.0533643886483643e+00
540 -6.9263601290650822e-01
541 1.1535718218088433e+00
542 -2.9804479553822558e+00
543 -1.3323519033838347e+00
544 1.3933640637312015e+00
545 4.2275834575229942e-01
546 4.7096835609292793e-02
547 4.9874579518804918e-02
548 6.9915896139723011e-01
549 -1.1168473956064295e+00
550 9.9827712232493715e-01
551 -1.0176097670916058e-01
552 4.0880942249073304e-01
553 5.9362713313247635e-03
554 -2.0577500346677429e+00
555 1.3090280771730021e+00
556 1.1568798739319337e-01
557 6.9410445807757848e-01
558 3.1447072452000175e+00
559 -6.5766529371382909e-01
560 -1.6273511450747688e-03
561 -2.1603028025194950e+00
562 8.9254801172591314e-01
563 -1.2130964626603421e-02
564 -2.1564841667580903e+00
565 -1.1856422605438970e+00
566 -9.1019251388990063e-01
567 -1.2043549288995450e-02
568 1.8791858690841440e-01
569 3.6424496401753337e-01
570 1.0365334451652783e+00
571 -3.1300064965643243e-01
572 9.6581840513961492e-01
573 2.1286994578932328e+00
574 -4.1008699933479484e-02
575 1.6480647199620890e-01
576 -2.3401184922106317e+00
577 2.5352202022060411e-01
578 1.1602765766612755e+00
579 2.2361834338821760e+00
580 1.6015167747035200e-01
581 3.1146490043681176e-02
582 -3.8705324945490451e+00
583 -1.2628747373243836e+00
584 2.7223378992663755e-01
585 -5.3328169832394068e-01
586 9.1193483290505320e-02
587 8.3633462809636905e-01
588 2.4679532437314342e+00
589 -8.7748306356071226e-01
590 4.3374830550455890e-01
591 -9.6306262359128969e-01
592 1.0239044238953800e-01
593 -4.6359707336565731e-01
594 1.1570795464320260e+00
595 -2.7281411636498751e-02
596 -1.6226403206427229e+00
597 -2.4001247134430553e-01
598 2.6020719735975523e-01
599 -4.6273302191295124e-01
600 8.6088188815390543e-01
601 9.7186961016669038e-01
602 5.9221951831950892e-02
603 -5.9319381645350322e-01
604 7.0787178129975525e-01
605 7.1737768470134189e-02
606 1.4293839355581192e-01
607 1.1648347238104368e+00
608 6.8436968030535450e-01
609 -7.9943877364820389e-03
610 -8.0039297126964060e-01
611 -5.0521802718611264e-01
612 -2.9848336788455376e+00
613 4.4081775078275526e-01
614 -1.8840352227649948e+00
615 7.8739697286619981e-01
616 -3.2011603338447499e-02
617 -1.0272550103783407e+00
618 3.0383043543219581e+00
619 1.1481314445180822e-01
620 1.3809850210692023e+00
621 1.9102330769804535e-01
622 -1.3505674873695936e+00
623 -1.2024768348091184e-02
624 -7.0732649349516480e-02
625 -6.3833281713649853e-02
626 2.9894204665789337e-01
627 -1.0610620561191486e+00
628 2.1795072442577386e+00
629 1.7165046472045382e+00
630 4.8021361830781553e-02
631 -1.7755510937286907e+00
632 1.7132101084214407e-01
633 6.2996656656343630e-01
634 -2.2496236856169456e+00
635 5.2736933141560138e-01
636 -2.9588201746925002e+00
637 5.7818855724272888e-01
638 -2.6754056521275232e-01
639 2.8857203882660731e-01
640 -9.9643007444554421e-01
641 -3.9137403087497608e-01
642 3.7676446063989077e+00
643 1.0529545972056962e+00
644 -1.4358081450151062e-02
645 -1.1371047039447368e+00
646 1.3591874052097896e+00
647 -5.3398074704885057e-01
648 -3.4757727944936029e-01
649 -4.4401256029326303e-01
650 5.4795132182021278e-01
651 -6.8935460896474579e-02
652 5.3075464138765105e-01
653 -1.4549687811983518e+00
654 -1.6546594867111932e+00
655 8.0069516409966091e-01
656 6.1589148257232745e-02
657 4.1804837449218574e-01
658 4.5494262747522794e-02
659 1.8663119527395420e+00
660 1.6699020946775225e+00
661 -1.1195298390343271e+00
662 -1.1864091637103324e+00
663 -1.1857837363622501e+00
664 8.9888885855828793e-01
665 -1.3399635733980779e-02
666 -3.0214305581902736e+00
667 -4.4168513637992832e-02
668 1.0800889776609746e+00
669 3.7407985323961751e-01
670 -4.2511462459147453e-01
671 8.1933353516365026e-01
672 5.3764387483450658e-02
673 8.5085068311789336e-01
674 -1.2925432025472183e-01
675 4.0226202410459516e-01
676 -1.0523268518263962e+00
677 -9.4919915204956140e-01
678 4.6405570322777718e+00
679 5.0035747250815242e-02
680 -7.8734255208090298e-01
681 2.2851791720503769e+00
682 -2.3069974591210229e+00
683 -1.3811527628778337e+00
684 -1.4660415922217753e+00
685 2.8320702733733799e-01
686 -1.0418516370800864e-01
687 -1.8849234106069217e+00
688 -8.8942823806333907e-02
689 -6.9318816012834394e-01
690 4.4989880261312554e-01
691 1.2413871528232847e+00
692 5.0685149198875978e-01
693 -4.9157743228095581e-02
694 1.0711822287344834e+00
695 4.6861519210509232e-02
696 -2.3071832679007165e-01
697 1.0324992921675835e+00
698 1.1500024768571955e+00
699 -2.3230813297436832e+00
700 -3.0235634711042521e-02
701 -2.0193724238430885e-01
702 6.3511749711865839e-01
703 8.4308456595412729e-01
704 1.7167408585841357e+00
705 -8.7352305327746826e-01
706 -1.3131633146862489e+00
707 -1.8478157185297327e-03
708 -1.0402879099563707e+00
709 -1.3398008157472016e-01
710 2.0680625970074021e-01
711 2.6308442484346767e-01
712 -3.4703526058278422e-01
713 -3.8086429505037700e-01
714 1.0677836887746188e-01
715 3.9122227534203052e-01
716 -9.0298003255828252e-01
717 1.0401902684377731e+00
718 -1.7779561129808530e+00
719 1.6121436739136108e+00
720 -7.2121154255277167e-02
721 -3.9277238254111051e-02
722 -9.3942059525752819e-01
723 2.1226864218954336e+00
724 1.3504899266982677e+00
725 -9.3011246422101512e-02
726 -2.8077879596085437e-01
727 -1.8793383996512969e+00
728 -1.7571072411140590e-02
729 -1.5997823073137780e+00
730 2.9959597174727193e-01
731 -1.4910646612586897e+00
732 1.9196366200212038e+00
733 1.1125750141592341e+00
734 2.2812400519831146e+00
735 9.9968925560255262e-01
736 2.9704502095223240e-01
737 4.3517457167385426e-01
738 -1.8174287580931425e+00
739 -1.7047552119631582e+00
740 -1.3268485811283690e+00
741 -5.8241378060188131e-01
742 6.2420742848206277e-02
743 2.2085612439196886e-01
744 -1.9894799612417737e+00
745 -6.5727991494468396e-01
746 -7.8945811713471492e-01
747 1.3803540933306642e+00
748 2.1897121675800770e+00
749 -4.8705677974041309e-02
750 2.5556052523341610e+00
751 3.2073715989872703e-01
752 -6.8325819588209519e-02
753 -7.1076716905239457e-01
754 -1.4685221055766437e-01
755 2.8673631562100854e-01
756 -3.5045413498851145e-02
757 1.4712527955160466e+00
758 -5.3090022694400818e-01
759 -4.6054524267403613e-01
760 -3.8671398075082691e-01
761 4.4091837512026638e-01
762 -2.0641027595333883e+00
763 2.1390370920101799e-02
764 -2.1576785822372422e+00
765 -1.2090610592005326e+00
766 2.6253975372658505e+00
767 -2.4371715821475703e-01
768 1.3582555377596792e+00
769 -3.9340100512158854e-01
770 -3.5229085732905015e-02
771 3.3871174242280166e-01
772 -2.2666258037731275e+00
773 5.8009336230374053e-01
774 2.6246059726138022e+00
775 -8.0203428569227175e-01
776 1.4440335255993988e+00
777 6.6233108335012295e-02
778 -2.6675082121797860e+00
779 5.0712604509740944e-01
780 9.1660423669454028e-01
781 -2.1170012923614639e-01
782 5.8994409872199971e-01
783 -1.0780715472198275e-01
784 7.8194354744698366e-02
785 8.8284897849721222e-01
786 -3.1338892654038726e+00
787 5.9313196222875353e-01
788 9.7617332261961987e-01
789 1.2999234672831628e+00
790 1.8854045807447559e-01
791 -5.9990144952456026e-02
792 -1.4186942810764533e+00
793 4.4972973124983606e-01
794 4.0955214312676413e-01
795 -1.1985238109222944e+00
796 2.4327988807951323e-01
797 -1.2965753236154627e+00
798 5.2445634155309485e-02
799 -1.1454348583537897e+00
800 6.2552540477488483e-01
801 -5.3291517968649715e-01
802 2.4033269572301745e+00
803 -3.0668563221060552e-01
804 1.0195811700598714e+00
805 -5.8159985434881782e-03
806 -1.2663039942836385e+00
807 7.2785762394497111e-01
808 -5.3327969166650127e-02
809 -8.4165823374853033e-01
810 -3.8251226596943921e-01
811 -4.5335281784775916e-01
812 8.1031988554080975e-03
813 2.8955121818946847e+00
814 2.2165601862279667e+00
815 2.1499188347566980e-01
816 -1.6036573150968103e-01
817 -7.3235665739534261e-01
818 -1.9545203888796794e+00
819 -2.6982541117840715e-02
820 -7.9811626114889911e-01
821 -2.8880877314785269e-01
822 -1.1084610323020643e+00
823 -8.2472837082320748e-03
824 -1.1335425093768676e+00
825 -9.6982845578999211e-01
826 2.1946426574149618e-02
827 1.8031552190756432e+00
828 -6.3632340189838021e-01
829 -1.2020080737248056e+00
830 9.8923603528492532e-01
831 1.9991090144503021e+00
832 9.4231382988042334e-01
833 1.3108743700536278e+00
834 -1.8341411486129741e-01
835 4.3750963511544294e-01
836 1.0755069045536352e+00
837 -9.2961908242893077e-01
838 3.3183906689188208e-01
839 -8.9152736781746089e-01
840 -3.0380462583680157e-02
841 -9.7507289281622145e-01
842 -1.4234329766723626e+00
843 -8.6711237088774573e-01
844 -6.3854248781642553e-01
845 -4.2626396609761930e-01
846 2.0162205011925001e+00
847 3.6300703280836731e-03
848 -9.3746658120807888e-02
849 8.8425345709517378e-01
850 1.2423195195253220e+00
851 3.6593400260477021e-01
852 -4.9599719387494828e-01
853 -7.4831636565306803e-01
854 -4.0497356420611648e-02
855 -5.9384658672824775e-01
856 -1.4056476176442478e+00
857 1.1686065196243578e+00
858 -1.5312286280972205e+00
859 -1.4315080172361483e+00
860 1.1525843835403722e+00
861 3.9840263276948458e-02
862 2.2883981820299280e+00
863 8.4636375472354253e-01
864 7.2503144888449156e-01
865 2.0531042618626991e-01
866 -1.0662253923490657e+00
867 -1.1272120070617606e+00
868 6.9872720866775137e-02
869 -1.9300162567787979e-01
870 -2.5390755380797342e-01
871 2.3886513754523442e-01
872 6.1732687899526895e-01
873 2.2174900359645613e+00
874 2.8976132489980633e-01
875 -3.3036626990833852e-02
876 -7.1854130269328165e-01
877 1.6938906057826481e-01
878 -2.7699515192978930e+00
879 -8.8595050619696761e-02
880 5.2908177000581882e-02
881 2.8578195675973989e-01
882 -2.3074307728970629e+00
883 5.2515472338439215e-02
884 1.2019277739782070e+00
885 -4.2138671125593702e-01
886 -1.4258330705678587e-01
887 -1.8386454671818370e-01
888 1.9114904569978606e+00
889 2.6680190503511045e-02
890 -3.8191603676945202e-01
891 3.9156562732733152e-01
892 -3.7916672033830850e-01
893 -5.6259484920261293e-01
894 2.5725649164578681e+00
895 -3.6576872677579719e-01
896 -5.0418860590996845e-02
897 -2.5279030268459257e-01
898 2.3318386326355598e+00
899 2.1494934774753269e-01
900 -1.3399907535294342e+00
901 -1.5716068700916279e+00
902 1.3332911904132585e+00
903 -5.7529720825478005e-02
904 -1.7313200405969347e+00
905 5.4704113601105353e-01
906 -1.1222670811627216e+00
907 9.6701540930971774e-01
908 -2.3162894917755490e+00
909 -8.1898557955852908e-02
910 -1.9335652129626221e-02
911 6.7756731945531645e-01
912 -7.8773476042586818e-02
913 -1.0126257144088258e+00
914 -3.7739526885046989e-02
915 7.7758188621175739e-01
916 1.9105790038855910e+00
917 4.0507647627838393e-02
918 1.4399445901412027e+00
919 -1.5569231796623177e+00
920 -1.6784196180223773e-01
921 1.8303437972682386e+00
922 -2.6413860174665869e-02
923 -1.1620850591696297e-01
924 8.4499756156710251e-02
925 7.7058464346368227e-01
926 -1.0308190338498895e+00
927 -1.7406982768763886e+00
928 -1.6766273446889096e-01
929 -1.4466103011527391e+00
930 -2.1894417729042672e+00
931 6.4387953102676698e-01
932 2.3546953385108136e+00
933 1.3120647779651817e+00
934 2.6128788574077491e+00
935 8.8698586065310148e-01
936 -7.7869784871370717e-01
937 -1.7176945557945298e+00
938 -2.1516808153936345e-02
939 -2.9041195307772327e-01
940 8.8540321461583016e-01
941 -1.0001032262380731e-01
942 -3.4554283937768857e+00
943 2.2013466186730529e-01
944 -3.2950835833140311e-02
945 -1.4175789603069689e-02
946 -1.9254232340671629e+00
947 1.2883268548745255e+00
948 -4.5224713114979204e-01
949 -1.6825971639245135e-01
950 6.1020643045878808e-01
951 2.1854408462191128e+00
952 -3.9818288710531280e-02
953 2.5438356367798387e-01
954 2.7663305043699249e+00
955 -8.7413615171737769e-01
956 -1.0543195351197747e+00
957 2.5994427720675894e-01
958 -6.0400141412327535e-01
959 1.4272937238482617e-02
960 1.6292414608401731e+00
961 8.5340196282340952e-01
962 1.2165372633910236e+00
963 -2.1583954136701711e+00
964 -2.1516222441193817e+00
965 -9.1813443943189454e-01
966 2.2820765673782353e-02
967 -5.0019881657173326e-01
968 1.0476594677693954e-01
969 -1.3206379092906826e+00
970 1.5893014582492080e+00
971 -1.3334964870134947e-01
972 1.9978961587118940e+00
973 2.1326001518554962e-03
974 -2.2313199744760368e+00
975 -5.3203925388041939e-01
976 6.1050748591237242e-02
977 6.7757175224152211e-01
978 -8.4176247446866992e-01
979 3.9108778210453859e-01
980 -1.0131297535176731e+00
981 9.4792954771420990e-01
982 2.3402893263090330e+00
983 4.9333257057049812e-01
984 1.1494543813597802e+00
985 3.9548077700691309e-01
986 -3.3224388704090924e-01
987 -4.4222369877185905e-02
988 5.8958629633718251e-01
989 -3.1712885981877437e-01
990 -1.5608528078835082e+00
991 -1.1533757186376736e+00
992 -1.4458390606342260e+00
993 1.1524759085817404e+00
994 1.1289965453287637e-02
995 9.7538528008915715e-02
996 -2.3722059000291913e+00
997 1.3376139363957975e+00
998 1.9002846347512530e+00
999 8.9267897824963571e-01
1000 -9.5361365197542181e-01
1001 1.8065795569955221e-02
1002 -1.7121408383627206e+00
1003 -5.5210958041141323e-01
1004 7.2118028960716329e-01
1005 4.1294354016665635e-01
1006 1.3381018548229628e+00
1007 -7.7223038171415326e-01
1008 -1.1177454207277572e-03
1009 -1.1661153447507702e+00
1010 -5.8722042233132155e-02
1011 1.2554240542961112e-01
1012 4.6533349786494682e-01
1013 6.3686793728626190e-01
1014 1.6665213245705865e+00
1015 4.6338729836824097e-03
1016 7.7074170350159643e-01
1017 -2.6568238186399125e+00
1018 -2.5169210611950974e+00
1019 1.9808962519521300e-01
1020 2.0757272611467665e+00
1021 -8.0978317146203160e-01
1022 1.3680032347658020e-02
1023 2.2425929420907447e+00
1024 1.1234155098580236e+00
1025 4.6274324908331821e-01
1026 7.1185563543489450e-01
1027 -1.0349448215466805e-01
1028 -3.4712363199960861e-01
1029 9.8310810824123962e-02
1030 -1.2432835837205063e+00
1031 6.5181984214684472e-03
1032 -1.6661075883992953e+00
1033 -1.3621358099175218e+00
1034 -1.4790637887051019e+00
1035 -2.5456944372537105e-01
1036 -5.7266124602990874e-02
1037 1.0224954567032423e+00
1038 -8.1284008001205932e-01
1039 4.5234097977141657e-01
1040 3.1050479001856080e-02
1041 -1.0362919760888127e+00
1042 2.5018358652488213e+00
1043 -3.1694079280516811e-02
1044 3.5290907523281473e-01
1045 4.4055991284187718e-01
1046 2.5265433982174392e+00
1047 -1.1089598334364816e+00
1048 1.1544268348943323e+00
1049 4.2379323658647977e-01
1050 4.6713434957232985e-02
1051 1.6322217993861736e+00
1052 -1.3156840132200460e+00
1053 1.9161903828605456e-01
1054 -2.8430897531357089e+00
1055 -2.6618321508104842e-01
1056 -1.7412842170705320e+00
1057 2.8950672175258044e-02
1058 -1.5056989025682617e+00
1059 1.2827424021871703e+00
1060 1.1864259768818164e+00
1061 3.0039426101825334e-01
1062 9.7065084617721287e-01
1063 -8.4573109460863005e-01
1064 -5.2084299719708585e-03
1065 -1.9641497897733201e-01
1066 6.9946560662770485e-01
1067 -1.6277298454106623e+00
1068 9.5033407914600265e-01
1069 3.8519348881122517e-01
1070 -1.4954618907145507e+00
1071 -1.3955634580573692e-01
1072 -5.7427052822340043e-03
1073 -8.4069777300773418e-02
1074 1.4896396300086727e+00
1075 -6.9061525989901407e-01
1076 -8.1435451843181050e-01
1077 1.7765572924645916e+00
1078 1.6310998963952019e+00
1079 -5.8482979766342102e-01
1080 -4.0339934288142937e-01
1081 -1.8876361577174700e-01
1082 1.8136272516632703e+00
1083 9.1241857903193357e-01
1084 -2.8962077993088231e+00
1085 -1.1635622794259044e-02
1086 -2.0915239626718463e+00
1087 -2.1159619045157688e-01
1088 2.0780229955997136e+00
1089 -7.9001536180762610e-02
1090 6.7263506447857713e-01
1091 -5.3175005263037300e-01
1092 3.4224065139122836e-02
1093 -6.0807804194967507e-01
1094 1.5378441007810148e-01
1095 -2.5708307410069708e-01
1096 7.9707550984511399e-01
1097 1.4199452622094426e+00
1098 -1.9934520435076097e+00
1099 -3.2678497937364381e-02
1100 9.9918533965161727e-01
1101 -2.3103108944919954e+00
1102 1.0362628711570637e-01
1103 4.0858289911023543e-01
1104 1.4507798272224107e-01
1105 2.1642341799731943e-01
1106 -2.5767618083928356e-01
1107 5.9468000472847060e-01
1108 -2.5405680335061058e+00
1109 -3.4106024509694099e-01
1110 1.1857960973888944e+00
1111 2.0747420862830979e-01
1112 -6.2879744481664102e-01
1113 1.5349125548842746e-01
1114 1.0723366671016141e+00
1115 -4.7646283630915559e-01
1116 2.8189717220153141e+00
1117 9.7821572149131908e-01
1118 -3.1678366775727945e-01
1119 4.8831153931140719e-01
1120 -2.6776318616950996e+00
