Table 1: Large eigenvalues R,.. for the modular group (not complete). The third
column exhibits the approximate value of n. Displayed are the respective values
of N;_,=(1/4 + R'), foe R ~ 1000, 2000, and 4000, cf. eqs(40),(41).

1000.02199511676 1000.27230927167 1000.17795675640 39155 (even)
1000.06366726075 1000.28599362215 1000.32119881281 40561 (odd)
1000.11061578997 1000.29288170050 1000.41037141913
1000.11952236414 1000.36237116994 1000.47009730337
1000.14318460208 1000.37009864881 1000.52984253891
1000.17315583652 1000.39238529136 1000 59811856215
1000.19228308221 1000.39691060345 1000.72636359908
1000.25974630314
2000.03261184360 2000.01919434933 160982 (even)
2000.05158832762 2000.04473789000 164235 (odd)
2000.06353658232 2000.05785938212
2000.12752840208 2000.08253608295
2000.14541255499
4000.01102588972 4000.05723539020 653973 (even)
4000.01746322179 4000.05981212797 661361 (odd)
4000.06807822332
4000.10329568733


R = 4000.01102588972 ( even)
2 +1.86152900987 229 +0.40240262889 523 -0.79130478848
3 -0.92703892921 233 -0.91005983320 541 -0.81280846921
5 -1.49515928669 239 +1.45447815199 547 -0.29048332219
7 +1.41609304830 241 +1.84183990712 557 -0.07804495400
11 +0.59083640633 251 +1.77696920305 563 +0.13778840313
13 -1.10371440498 257 +1.22804101784 569 +0.07778930576
17 -1.81591719288 263 -1.38486170210 571 +0.83186815755
19 -0.00059943179 269 +0.79760601225 577 +0.25429506830
23 -1.15691899782 271 +1.44260220951 587 -0.18669290000
29 -1.93030329169 277 -1.35250477123 593 +0.68261695040
31 -1.09508769312 281 -0.89566315809 599 -0.52751449102
37 -0.63275087480 283 +1.15067558493 601 -0.21482133252
41 +0.24155719241 293 -0. 7379.0889097 607 +0.05605604815
43 +0.13153011095 307 +0.8264603324.8 613 -0.14807826405
47 +0.98917826888 311 -l.10717669769 617 +1.58718124320
53 +0.23986793193 313 -0.76681186015 619 +1.08120349554
59 +0.79542391321 317 -1.81745120782 631 +0.20040709253
61 +1.02319296879 331 +0.07898804822 641 -1.09300402439
67 +0.61248808946 337 -0.14490104335 643 +0.59335255754
71 -0.22374550490 347 -1.20233805528 647 +1.53232568969
73 -0.24139477345 349 +0.79698998800 653 +0.62721920109
79 -0.19410698510 353 -1.06738973040 659 -0.24096680598
" -0.39407408315 359 -1.49803981313 661 -1.37369501480
89 -1.20504335370 367 +0.86493750133 673 -0.09724230159
97 +1.76194709700 373 +0.21241186162 677 +0.51406521141
101 +0.62445217323 379 +0.20422929697 683 +0.39332271020
103 +1.61285055953 383 +0.04775783212 691 -0.06666354459
107 -1.09753341225 389 +0.50992150601 701 +1.37975283234
109 -1.50818375918 397 -1.50877637775 709 -0.25867275495
113 -0.69043125185 401 -1,08194363005 719 -0.68643969888
127 -0.14430197494 409 -0.69953202889 727 -1. 78283036350
131 +0.17148692012 419 -0.00160379742 733 +0.97904688103
137 -0.37454999405 421 +1.68814255660 739 +0.63799172079
139 -1.01094537096 431 +0.48269642557 743 -0.6287704] 130
149 +1.31945062199 433 -1.01139767455 751 +0.14043116498
151 +1.42546578251 439 +0.73170342766 757 +0.25119631130
157 -0.97276137210 443 -0.13530325375 761 +0.63129565363
163 -0.63386438223 449 +0.11891073872 769 -1.44770863042
167 +1.55524394856 457 +0.29680219504 773 +1.39689981865
173 -1.92304601702 461 +1.71162158491 787 -0.39594362338
179 -0.69946345685 463 -1.67320503010 191 -1.75571847264
181 -0.75181511422 467 -1.28404594592 809 -0.94014648438
191 +l.13777924414 479 +0.20388074569 811 +0.57098050887
193 -0.82577940186 487 +1.24343585378 821 -1.57416488537
197 -1.71902309526 491 +1.57921023359 823 -1.49389838667
199 -1.44573363611 499 -0.25964442752 827 +0.77284508214
211 +0.48218884999 503 +1.86280891281 829 -1.68885757885
223 -0.21103202962 509 -0.97220977121
227 +l.45212225278 521 -1.36012101331
Table 2: Fourier coefficients of a normalized even cusp form (c1 =1)

R dR R dR
even 242.6673326133 1 odd 231.7806243370 l
242.6673535416 nos- 231.7806342045 55TI
271.7958204649
6.47
348.8593978542
6.43
272.1148275386 349.0893379077
Table 3: Successive eigenvalues R E (0, 350) with the most extreme relative
distances dR. dR is measured in units of the mean expected distance given by
Weyl's law, eqs. (40),(41).


+ 0 450 2141 9325
1 13.7797513518907389 123.8331309255 250.0142918545 500.0388246192
2 17.7385633810573779 123.8727236673 250.1570226403 500.0480426360
3 19.4234814708282552 124.1395466897 250.1715412434 500.0664609711
4 21.3157959402037188 124.2126870734 250.1998488441 500.0759968907
5 22. 7859084941898736 124.3508437282 250.2205188129 500.1139410029
6 24.1123527298408640 124.4979173823 250.2941562035 500.1380623518
7 25.8262437127091584 124.5181798749 250.3230632640 500.1417069147
8 26.1520854492213488 124.5823857987 250.3600047846 500.1519712977
9 27.3327080831494099 124 7999715417 250.5126017731 500.2147562702
10 28.5307476929183202 124.8986908677 250 5215749611 500.2322981577
11 28.8633943539222970 124.9944384466 250.6110083423 500.2712342591
12 30.4106788046542568 125.0368588880 250.6264347412 500.2835512456
13 31.5265821967902692 125.3138401770 250.6309088536 500.3275946928
14 31.5662754117538871 125.3475585710 250.7200641698 500.3528235961
15 32.5081177599090003 125.5239875728 250.7482615783 500.3595282663
16 32.8911702135103197 125.6736019295 250.8287516940 500.3944749497
17 34.0278842001002688 125.8964729376 250.8494850031 500.4081702583
18 34.4562715330310283 126.0187785113 251.0096635387 500.4304849651
19 35.5023497713694011 126.0663817855 251.0206514583 500.4854369799
20 35.8416764325828391 126.1139945203 251.0595380115 500.5042750580
21 36.6775529931452006 126.2504058608 251.0926894563 500.5387670349
22 36.8563494959215496 126.3135693958 251.1131940447 500.5551887337
23 37.8250722905930271 126 3211487082 251.2710099800 500.5729304251
24 38.3032761524950115 126 3797686713 251.2884826640 500.5887269688
25 39.1680849679279492 126,6407541406 251.3219346949 500.6672979560
Table 4: Even eigenvalues R,, of the Laplacian for PSL(2, Z) The index n
indicates then-th even eigenvalue, and is the sum of the numbers at the very top
and the very left of the respective eigenvalue.

- 0 1500 3500 10000
1 9.53369526135355756 200.2518741643 301.0302010452 501.9847360659
2 12.l 730083246796778 200.2580950447 301.0402448107 502.0222609522
3 14.3585095182598128 200.3958010057 301.1187593097 502.0391021629
4 16.1380731715210306 200.4227411463 301.1736468811 502.1150314774
5 16 6442592018998199 200.5245258224 301.2186015631 502.1177585828
6 18.1809178345307039 200.5997034279 301.2236844511 502.1273121331
7 19.484 7138547410134 200.6198039845 301.2591944152 502.1332352300
8 20.1066946825523129 200.6499781469 301.2888877222 502.1534067708
9 21.4790575447485450 200.6550046228 301.2941914205 502.1711402021
10 22.1946739775 723304 200.8146803730 301.3496957296 502.1946528131
11 23.2013961812270875 200.9185589240 301.4655904599 502.1980076715
12 23.2637115379396382 200.9444508522 301.5452135943 502.2593584926
13 24.4197154423254233 200.9995646841 301.5764451197 502.2920024737
14 25.0508548507616351 201.0851848471 301.5768016298 502.2924299865
15 26.0569177606664270 201.1369300987 301.5878738659 502.3506265321
16 26.4469964180468 775 201.2018927851 301.5909436571 502.4040281720
17 27.2843840116822503 201.2694635188 301.6298575970 502.4645005738
18 27.7759207017968351 201.2995037852 301.7093530841 502.4766515547
19 28 5102777031464807 201.365319954~ 301.7205684940 502.5094637752
20 29.1375875578395346 201.4125363106 301.8205764778 502.5108813650
21 29.5463881241460127 201.4210768703 301.8497937810 502.5135527742
22 30.2790484991474997 201.4707419985 301.9332581402 502.5310764428
23 30.4043270540436687 201.5938041875 302.0021004356 502.5370504927
24 31.0565339621067000 201. 7198256463 302.0078365485 502.5566016515
25 31.9161824709196205 201.7836083392 302.0507893299 502.5634889499
Table 5: Odd eigenvalues Rn of the Laplacian for PSL(2, ?l). The index n is
determined as in table 4.


