1 1.0000000000000000e+00
2 1.6070039455904650e+00
3 -1.5612081158456299e+00
4 1.5824616811473784e+00
5 6.4100482644205892e-01
6 -2.5088676020538645e+00
7 3.2433022050153651e-02
8 9.3601821976217470e-01
9 1.4373707809844465e+00
10 1.0300972852352306e+00
11 -1.0544735903493541e+00
12 -2.4705520196235802e+00
13 -5.7879739472997094e-01
14 5.2119994403198151e-02
15 -1.0007419374958737e+00
16 -7.8276708845201978e-02
17 -1.3122546537240307e+00
18 2.3098605163206294e+00
19 -6.4453169221111783e-01
20 1.0143655752748428e+00
21 -5.0634697246952645e-02
22 -1.6945432202137289e+00
23 -2.7975367116287425e-01
24 -1.4613192412719966e+00
25 -5.8911281247721381e-01
26 -9.3012969703308834e-01
27 -6.8282681291181790e-01
28 5.1324014599147746e-02
29 1.5788358889115109e-01
30 -1.6081962418330367e+00
31 1.3614273342148231e+00
32 -1.0618091997221315e+00
33 1.6462527272627094e+00
34 -2.1087984061566147e+00
35 2.0789723670540862e-02
36 2.2745841825118509e+00
37 -1.3080575803893111e+00
38 -1.0357649724426936e+00
39 9.0362319008654857e-01
40 5.9999219650549473e-01
41 -7.8681320674726485e-01
42 -8.1370158259449946e-02
43 1.1362616689548375e+00
44 -1.6686640505116404e+00
45 9.2136160800225309e-01
46 -4.4956525335019515e-01
47 8.7287543414880686e-01
48 1.2220623312980110e-01
49 -9.9894809907233295e-01
50 -9.4670661404735534e-01
51 2.0487026154530836e+00
52 -9.1592469831174927e-01
53 1.1976352455438946e+00
54 -1.0973053825056189e+00
55 -6.7592266077331231e-01
56 3.0357899561547469e-02
57 1.0062481088002817e+00
58 2.5371955029338539e-01
59 4.2107508844966429e-01
60 -1.5836357684224225e+00
61 -7.7700716499168987e-01
62 2.1878190977188550e+00
63 4.6618278235251852e-02
64 -1.6280548645750323e+00
65 -3.7101192355585605e-01
66 2.6455346280532064e+00
67 -4.1269366559942655e-01
68 -2.0765927054293996e+00
69 4.3675370185722506e-01
70 3.3409167966315344e-02
71 2.0076381310153113e-01
72 1.3454052395573934e+00
73 2.9084240475196482e-01
74 -2.1020536927522175e+00
75 9.1972770398885872e-01
76 -1.0199467052097031e+00
77 -3.4199765208106025e-02
78 1.4521260317984845e+00
79 1.8303170517214021e-01
80 -5.0175748166856458e-02
81 -3.7133601895041152e-01
82 -1.2644119276904042e+00
83 9.6033265109356214e-01
84 -8.0127468129123428e-02
85 -8.4116156655989738e-01
86 1.8259769852369647e+00
87 -2.4648914033667410e-01
88 -9.8700649282634378e-01
89 -3.7075695034495143e-01
90 1.4806317393716413e+00
91 -1.8772148663030733e-02
92 -4.4269946477565031e-01
93 -2.1254714033108555e+00
94 1.4027142666899175e+00
95 -4.1314792550313839e-01
96 1.6577051400885410e+00
97 1.5427408330796781e+00
98 -1.6053135366621327e+00
99 -1.5156695280941772e+00
100 -9.3224845161291370e-01
101 -5.6973270899649972e-02
102 3.2922731863814971e+00
103 -1.2110261824003872e+00
104 -5.4176490701986124e-01
105 -3.2457085320850558e-02
106 1.9246045649703538e+00
107 -1.5017311408575464e+00
108 -1.0805472662951208e+00
109 6.5952443461298604e-01
110 -1.0862103827758838e+00
111 2.0421501104958568e+00
112 -2.5387502044557008e-03
113 -1.8496619863320238e+00
114 1.6170446810880741e+00
115 -1.7932345343038270e-01
116 2.4984472950302161e-01
117 -8.3194646330098632e-01
118 6.7666932852984285e-01
119 -4.2560384120161200e-02
120 -9.3671268662998675e-01
121 1.1191455274998474e-01
122 -1.2486535798916623e+00
123 1.2283791640296067e+00
124 2.1544065880621805e+00
125 -1.0186289825496639e+00
126 7.4915757059933349e-02
127 8.2272287138023514e-01
128 -1.5544813912917221e+00
129 -1.7739409393001282e+00
130 -5.9621762501616515e-01
131 1.2491250159648366e+00
132 2.6051318582867546e+00
133 -2.0904110586080143e-02
134 -6.6320034893839597e-01
135 -4.3769528270144581e-01
136 -1.2282942648522677e+00
137 4.4181730888941328e-01
138 7.0186492213430640e-01
139 7.3106343593794879e-02
140 3.2898941067633282e-02
141 -1.3627402119246492e+00
142 3.2262823978446453e-01
143 6.1032656691091292e-01
144 -1.1251265412479049e-01
145 1.0120414249593299e-01
146 4.6738489198165922e-01
147 1.5595658795943210e+00
148 -2.0699509977000323e+00
149 -1.0253899604291179e+00
150 1.4780060491777800e+00
151 4.4732317357448792e-01
152 -6.0329340712359714e-01
153 -1.8861964964782110e+00
154 -5.4959157626837805e-02
155 8.7268149208251056e-01
156 1.4299490725097024e+00
157 1.3772891123925888e+00
158 2.9413267238348245e-01
159 -1.8697578651787128e+00
160 -6.8062482178380246e-01
161 -9.0732569827636673e-03
162 -5.9673844759251016e-01
163 3.3539810014625665e-01
164 -1.2451017499000154e+00
165 1.0552559436829234e+00
166 1.5432583593896863e+00
167 6.8253720808327978e-01
168 -4.7394999175084752e-02
169 -6.6499357584882324e-01
170 -1.3517499563419153e+00
171 -9.2643102180566594e-01
172 1.7980905508804947e+00
173 3.2029305866615099e-01
174 -3.9610902106637186e-01
175 -1.9106708838114415e-02
176 8.2540722215376686e-02
177 -6.5738584546882728e-01
178 -5.9580788206055046e-01
179 -5.7061731269789417e-01
180 1.4580194391396850e+00
181 8.5341082322132367e-01
182 -3.0166916972097346e-02
183 1.2130698920541185e+00
184 -2.6185453325487718e-01
185 -8.3847122229402482e-01
186 -3.4156409313641860e+00
187 1.3837378761693511e+00
188 1.3812919269580561e+00
189 -2.2146137080314886e-02
190 -6.6393034639644488e-01
191 -1.3634949986776532e+00
192 2.5417324676210638e+00
193 -1.4323416661398749e+00
194 2.4791906057865294e+00
195 5.7922682613183463e-01
196 -1.5807970882503128e+00
197 6.1687011090146671e-01
198 -2.4356869118619580e+00
199 1.5373509073646457e-01
200 -5.5142032597300894e-01
201 6.4430070009231999e-01
202 -9.1556271137483949e-02
203 5.1206419206964110e-03
204 3.2419933850228904e+00
205 -5.0435106303392008e-01
206 -1.9461238533297451e+00
207 -4.0210975280220213e-01
208 4.5306355145733189e-02
209 6.7964164758119050e-01
210 -5.2158664171052312e-02
211 -4.0351222885926402e-01
212 1.8952118840691503e+00
213 -3.1343409438264941e-01
214 -2.4132878685784860e+00
215 7.2834921390410046e-01
216 -6.3913833782846974e-01
217 4.4155202750268428e-02
218 1.0598583686414333e+00
219 -4.5406552273173062e-01
220 -1.0696217100928105e+00
221 7.5952957480171124e-01
222 3.2817432850616126e+00
223 -2.3960921641207761e-01
224 -3.4437681187910581e-02
225 -8.4677354335807598e-01
226 -2.9724141100492902e+00
227 -1.4637248862038703e+00
228 1.5923490739055759e+00
229 1.2073492261217369e+00
230 -2.8817349719958701e-01
231 5.3392951002311576e-02
232 1.4778191580330829e-01
233 1.4880023400206455e+00
234 -1.3369412490434105e+00
235 5.5951736617367653e-01
236 6.6633519235814931e-01
237 -2.8575058357112865e-01
238 -6.8394705207637893e-02
239 -6.6627264942763920e-01
240 7.8334785257824224e-02
241 -1.3596434711692906e+00
242 1.7984712783960022e-01
243 1.2625596194025210e+00
244 -1.2295840645746878e+00
245 -6.4033055287669594e-01
246 1.9740101632792155e+00
247 3.7305326427428970e-01
248 1.2743207897075155e+00
249 -1.4992791288013450e+00
250 -1.6369407940673379e+00
251 4.5526740560288015e-01
252 7.3771638947453408e-02
253 2.9499285804368625e-01
254 1.3221189004352909e+00
255 1.3132282644523237e+00
256 -8.7000286457953779e-01
257 -2.1695489567541001e-01
258 -2.8507300887023139e+00
259 -4.2424260347979581e-02
260 -5.8711215227690983e-01
261 2.2693725747037546e-01
262 2.0073488291934849e+00
263 -8.3263946825369561e-01
264 1.5409225469962036e+00
265 7.6768997271240980e-01
266 -3.3592988189983380e-02
267 5.7882875988791704e-01
268 -6.5307191186356017e-01
269 -4.6621432816437092e-01
270 -7.0337804626856326e-01
271 -1.8546612555065412e+00
272 1.0271897545912004e-01
273 2.9307230848654327e-02
274 7.1000215861566540e-01
275 6.2120390249313584e-01
276 6.9114599728955828e-01
277 -1.2804884768743472e+00
278 1.1748218260667913e-01
279 1.9568758706364158e+00
280 1.9459560139296044e-02
281 5.5541121361344503e-01
282 -2.1899288973690898e+00
283 -5.6639096400352762e-01
284 3.1770104119479425e-01
285 6.4500989434000855e-01
286 9.8079720112198421e-01
287 -2.5518730082779089e-02
288 -1.5262135186671717e+00
289 7.2201227622207031e-01
290 1.6263545630098236e-01
291 -2.4085395092522979e+00
292 4.6024696077198052e-01
293 5.6747516718850484e-02
294 2.5062285219184686e+00
295 2.6991116399130305e-01
296 -1.2243657277414268e+00
297 7.2002284099960900e-01
298 -1.6478057121726022e+00
299 1.6192069603500622e-01
300 1.4554338486491076e+00
301 3.6852399764675046e-02
302 7.1885010488559276e-01
303 8.8947132923176811e-02
304 5.0451819612242925e-02
305 -4.9806534293407179e-01
306 -3.0311252120056205e+00
307 -1.1723899172155405e+00
308 -5.4119817941947694e-02
309 1.8906639044684024e+00
310 1.4024026010205914e+00
311 -8.4042574447483420e-01
312 8.4580776972745086e-01
313 1.8602446335958578e-01
314 2.2133090378366012e+00
315 2.9882541349380672e-02
316 2.8964065986622889e-01
317 -1.3998868464263132e+00
318 -3.0047082666304687e+00
319 -1.6648407483265809e-01
320 -1.0435910259066372e+00
321 2.3445148449230611e+00
322 -1.4580759765781336e-02
323 8.4578971257063451e-01
324 -5.8762502082808810e-01
325 3.4097696106035691e-01
326 5.3898607029199863e-01
327 -1.0296548999037469e+00
328 -7.3647149708175896e-01
329 2.8309988201722557e-02
330 1.6958004651020604e+00
331 -7.3827395822727904e-01
332 1.5196896215245141e+00
333 -1.8801637459007130e+00
334 1.0968399863821525e+00
335 -2.6453863149554729e-01
336 3.9635174753316783e-03
337 -8.0431862343066304e-02
338 -1.0686473002027834e+00
339 2.8877073046094357e+00
340 -1.3311059467135420e+00
341 -1.4355891691181646e+00
342 -1.4887783073924574e+00
343 -6.4831927723474903e-02
344 1.0635616245853536e+00
345 2.7996123082015073e-01
346 5.1471220899445591e-01
347 6.6657100071486852e-01
348 -3.9005961933935046e-01
349 7.1561895066291259e-01
350 -3.0704556442345141e-02
351 3.9521838032266254e-01
352 1.1196497589301806e+00
353 -8.1715002466131303e-01
354 -1.0564216473916275e+00
355 1.2869057320388796e-01
356 -5.8670866689415202e-01
357 6.6445616928269724e-02
358 -9.1698427282499329e-01
359 -1.1063794315385762e+00
360 8.6241125217756542e-01
361 -5.8457889791651052e-01
362 1.3714345599367743e+00
363 -1.7472190761798287e-01
364 -2.9706205947006861e-02
365 1.8643138502462822e-01
366 1.9494081027345254e+00
367 1.4195609530380391e+00
368 2.1898196251383232e-02
369 -1.1309423132642895e+00
370 -1.3474265623155366e+00
371 3.8842930487218763e-02
372 -3.3634770497699127e+00
373 -4.9126084678536613e-01
374 2.2236722267634947e+00
375 1.5902918339856438e+00
376 8.1702731030107389e-01
377 -9.1382607737638913e-02
378 -3.5588930868958445e-02
379 -3.3036647063912844e-01
380 -6.5379076141476322e-01
381 -1.2844416235119462e+00
382 -2.1911418418511714e+00
383 1.6337219035879615e+00
384 2.4268689655398585e+00
385 -2.1922214578947441e-02
386 -2.3017787089446555e+00
387 1.6332293234419055e+00
388 2.4413282502376656e+00
389 -1.6599263699043101e+00
390 9.3081979429567085e-01
391 3.6710806119146011e-01
392 -9.3503362257653255e-01
393 -1.9501441131050623e+00
394 9.9131270688519912e-01
395 1.1732420426798242e-01
396 -2.3984889566923737e+00
397 2.5485446752611340e-01
398 2.4705290826889598e-01
399 3.2635660720924282e-02
400 4.6113815877456880e-02
401 1.4955327375819714e+00
402 1.0353937559173743e+00
403 -7.8799058681538103e-01
404 -9.0158014085910912e-02
405 -2.3802815791286772e-01
406 8.2288776246816422e-03
407 1.3793121492295093e+00
408 1.9176229829204563e+00
409 -1.2162511081816929e+00
410 -8.1049414926463348e-01
411 -6.8976875970341145e-01
412 -1.9164025231420139e+00
413 1.3656721218685332e-02
414 -6.4619195397205520e-01
415 6.1557786392857516e-01
416 6.1457238734603148e-01
417 -1.1413421990666407e-01
418 1.0921868213030295e+00
419 2.0649548172961751e-01
420 -5.1362166809245442e-02
421 -8.8576809161129511e-01
422 -6.4844562727649269e-01
423 1.2546455349349681e+00
424 1.1210083594150302e+00
425 7.7306601147827880e-01
426 -5.0368978602021430e-01
427 -2.5200670786407944e-02
428 -2.3764319879540632e+00
429 -9.5284667137840662e-01
430 1.1704599153214847e+00
431 1.4240152128038965e+00
432 5.3449511834515517e-02
433 -6.6348671392729919e-01
434 7.0957401439464912e-02
435 -1.5800061321111697e-01
436 1.0436723291632894e+00
437 1.8031015571416464e-01
438 -7.2968512045554712e-01
439 -1.7236733333233314e+00
440 -6.3267560269001399e-01
441 -1.4358588756862571e+00
442 1.2205667092285029e+00
443 -8.8724288113735672e-02
444 3.2316247134312066e+00
445 -2.3765770923791854e-01
446 -3.8505379388254130e-01
447 1.6008468866296861e+00
448 -5.2802484753446198e-02
449 1.4510484236656063e+00
450 -1.3607659746373308e+00
451 8.2967292408158677e-01
452 -2.9270226107293809e+00
453 -6.9836338912848706e-01
454 -2.3522126536224230e+00
455 -1.2030140491066092e-02
456 9.4186463714155932e-01
457 -2.3482957020015283e-02
458 1.9402179064798482e+00
459 8.9604243495695535e-01
460 -2.8376933368736046e-01
461 -1.6439736515352219e-02
462 8.5807024344634761e-02
463 -6.4146006734799210e-01
464 -1.2355224958774166e-02
465 -1.3624375230657679e+00
466 2.3912258207314649e+00
467 1.6259326108965357e+00
468 -1.3165277683868684e+00
469 -1.3398786527124477e-02
470 8.9915467398379956e-01
471 -2.1502410806041841e+00
472 3.9414144873602841e-01
473 -1.1981377756969807e+00
474 -4.5923697789127665e-01
475 3.7968303103884077e-01
476 -6.7353489344137596e-02
477 1.7214669025814400e+00
478 -1.0707105091017768e+00
479 -3.7596819923573266e-01
480 1.0625943754408860e+00
481 7.5709884493821566e-01
482 -2.1849194288045459e+00
483 1.4160713108690303e-02
484 1.7708852151132970e-01
485 9.8889249621586872e-01
486 2.0290017508851870e+00
487 -1.3884710417113730e+00
488 -7.2728080183213484e-01
489 -5.2366658203214689e-01
490 -1.0288897808125113e+00
491 1.4566581330519208e+00
492 1.9436606243602883e+00
493 -2.0710340692329357e-01
494 5.9949166282860678e-01
495 -9.7152169126256605e-01
496 -1.0668605417466369e-01
497 6.6599779534614956e-03
498 -2.4093339421282653e+00
499 1.1829311829434983e+00
500 -1.6117229096914274e+00
501 -1.0658276605509702e+00
502 7.3158704155337817e-01
503 8.3303197643998994e-01
504 4.3804358777850994e-02
505 -3.5845185152021071e-02
506 4.7298328360243708e-01
507 1.0377545549327054e+00
508 1.3027396484251124e+00
509 -1.5656262738350095e+00
510 2.1102320968076635e+00
511 8.8841325228154761e-03
512 1.5783610225430031e-01
513 4.3882679469801106e-01
514 -3.5006140826628435e-01
515 -7.7600196289905343e-01
516 -2.8049171925688046e+00
517 -9.2233357200983579e-01
518 -6.7896112630398867e-02
519 -4.9783504132105832e-01
520 -3.4998720614524498e-01
521 1.5587560329042069e+00
522 3.6630175984075858e-01
523 1.5676643237031389e+00
524 1.9725566565516168e+00
525 2.3458541812807425e-02
526 -1.3308475503568420e+00
527 -1.7889080424719199e+00
528 -1.2925621737848961e-01
529 -9.1761862233313163e-01
530 1.2266233351104932e+00
531 6.1419606696903795e-01
532 -1.9158518945328159e-02
533 4.6087020346183721e-01
534 9.1660587317053144e-01
535 -9.5445289912829256e-01
536 -3.8240630153869409e-01
537 8.6358659755934242e-01
538 -7.4128037281938985e-01
539 1.0739332344146575e+00
540 -6.8292212354844550e-01
541 1.1305537260046306e+00
542 -2.9724963798586970e+00
543 -1.3138676792738992e+00
544 1.3025456239533217e+00
545 4.3332541693230253e-01
546 6.1397667794676127e-02
547 5.2292038329692252e-02
548 7.0555141251195297e-01
549 -1.0690182013517160e+00
550 8.9264971712986574e-01
551 -1.2125015825832561e-01
552 3.7066184481430997e-01
553 2.3024911493059397e-01
554 -1.7897442853165899e+00
555 1.2441904636842338e+00
556 3.3951584009652352e-01
557 8.2176175463578771e-01
558 3.1127630939992392e+00
559 -4.3385226424448264e-01
560 -5.5166806918784073e-01
561 -3.0285062102644393e+00
562 -8.0874479995417714e-01
