1 1.0000000000000000e+00
2 1.5070630543148600e+00
3 -1.1602338086962348e-01
4 1.2712390500374844e+00
5 3.6364574076731726e-01
6 -1.7485455056615451e-01
7 -1.7983199175215208e+00
8 4.0877435110321225e-01
9 -9.8653857512372001e-01
10 5.4803706093736737e-01
11 7.9829943234871092e-01
12 -1.4749345250558279e-01
13 -9.2727221107538560e-01
14 -2.7101815074362361e+00
15 -4.2191406985995418e-02
16 -6.5519032775328012e-01
17 7.4155074490438633e-01
18 -1.4867758411115706e+00
19 -3.8163766582085629e-01
20 4.6228066605689094e-01
21 2.0864715666330597e-01
22 1.2030875806628625e+00
23 1.3076938508654637e-01
24 -4.7427382263204185e-02
25 -8.6776177513085673e-01
26 -1.3974576935332166e+00
27 2.3048492170238383e-01
28 -2.2860945034661913e+00
29 -5.7719954838169374e-01
30 -6.3585112582134812e-02
31 -2.2648204830093840e-01
32 -1.3961874876545894e+00
33 -9.2621399061062398e-02
34 1.1175637308201885e+00
35 -6.5395137865710995e-01
36 -1.2541263609423550e+00
37 1.4038081271147604e+00
38 -5.7515202634840867e-01
39 1.0758525688455879e-01
40 1.4864905176753840e-01
41 -4.5015165730165241e-01
42 3.1444442124515970e-01
43 -5.7732598788331058e-01
44 1.0148294120348775e+00
45 -3.5875055083170498e-01
46 1.9707770894135695e-01
47 -1.2183087938424453e+00
48 7.6017396972564072e-02
49 2.2339545257160349e+00
50 -1.3077717112078788e+00
51 -8.6037224495443515e-02
52 -1.1787846447542083e+00
53 1.1275067184909797e+00
54 3.4735530991707370e-01
55 2.9029818840981575e-01
56 -7.3510705747636862e-01
57 4.4278892277886582e-02
58 -8.6987611448679003e-01
59 1.3452615402443437e+00
60 -5.3635365603110621e-02
61 -5.5701327914822751e-01
62 -3.4132272778106121e-01
63 1.7741119689461868e+00
64 -1.4489522520386680e+00
65 -3.3719859032466959e-01
66 -1.3958628844357529e-01
67 5.6854551675557530e-01
68 9.4268826442001619e-01
69 -1.5172306152502753e-02
70 -9.8554596214605272e-01
71 -1.4232943204684181e-01
72 -4.0327166527363539e-01
73 -4.1581081339319365e-01
74 2.1156273639172620e+00
75 1.0068065490438843e-01
76 -4.8515270380611802e-01
77 -1.4355977693340616e+00
78 1.6213776598070184e-01
79 6.2348667078981279e-01
80 -2.3825717205873875e-01
81 9.5979693524004916e-01
82 -6.7840693170912958e-01
83 -5.9345839416655485e-02
84 2.6524041324473563e-01
85 2.6966177002024311e-01
86 -8.7006666648238185e-01
87 6.6968643186018140e-02
88 3.2632433254263221e-01
89 -2.7828223145963815e-01
90 -5.4065970114646855e-01
91 1.6675320861620577e+00
92 1.6623914888112507e-01
93 2.6277212976765479e-02
94 -1.8360681722742604e+00
95 -1.3878091218777225e-01
96 1.6199039270212692e-01
97 -6.6180121824197569e-01
98 3.3667103307487922e+00
99 -7.8755318444588063e-01
100 -1.1031326546683657e+00
101 -6.0800159621817312e-02
102 -1.2966352237697484e-01
103 -2.8656887008045218e-01
104 -3.7904509669405501e-01
105 7.5873649861341833e-02
106 1.6992237188798271e+00
107 -5.7876471292832421e-01
108 2.9300143282193891e-01
109 -1.1486228102383715e+00
110 4.3749767463106753e-01
111 -1.6287456493590774e-01
112 1.1782418161616408e+00
113 -1.4447671620928773e+00
114 6.6731082274377199e-02
115 4.7553729853760378e-02
116 -7.3375860552517957e-01
117 9.1478980583026570e-01
118 2.0273939655079340e+00
119 -1.3335454743148389e+00
120 -1.7246765490640428e-02
121 -3.6271801628088846e-01
122 -8.3945413394336310e-01
123 5.2228117155770061e-02
124 -2.8791282410378183e-01
125 -6.7920361456309830e-01
126 2.6736986023518550e+00
127 4.3773548996104322e-01
128 -7.8747491893224109e-01
129 6.6983312996741831e-02
130 -5.0817953730012100e-01
131 -1.3967386599774645e+00
132 -1.1774393934453406e-01
133 6.8630661576060248e-01
134 8.5683394303218374e-01
135 8.3814860046291545e-02
136 3.0312692464468055e-01
137 -1.1350042174199786e+00
138 -2.2865622266411666e-02
139 1.4843409658571158e+00
140 -8.3132852950106517e-01
141 1.4135230511172237e-01
142 -2.1449942830216140e-01
143 -7.4024087978242092e-01
144 6.4637053234660002e-01
145 -2.0989615743858142e-01
146 -6.2665311448446992e-01
147 -2.5919095669536718e-01
148 1.7845757100232684e+00
149 -3.3907063852599650e-01
150 1.5173209532674137e-01
151 8.3729688065305330e-01
152 -1.5600370739322447e-01
153 -7.3156841515305959e-01
154 -2.1635363590333472e+00
155 -8.2359232351765246e-02
156 1.3676657982906146e-01
157 1.7622629798331473e+00
158 9.3963372688307145e-01
159 -1.3081714136938616e-01
160 -5.0771763332609710e-01
161 -2.3516518983894522e-01
162 1.4464745008598592e+00
163 -1.8354001407056206e+00
164 -5.7225036527302298e-01
165 -3.3681377223755603e-02
166 -8.9437922017188906e-02
167 8.7151030094910398e-01
168 8.5289606816702820e-02
169 -1.4016624652431650e-01
170 4.0639729071141040e-01
171 3.7650027912673351e-01
172 -7.3391934041332707e-01
173 -4.4239403399011651e-01
174 1.0092596771026961e-01
175 1.5605132838651861e+00
176 -5.2303806671768360e-01
177 -1.5608179201824118e-01
178 -4.1938886969023920e-01
179 -8.4496444543295035e-01
180 -4.5605770966144304e-01
181 -9.5818411434039730e-01
182 2.5130759991402067e+00
183 6.4626563906380524e-02
184 5.3455170228693248e-02
185 5.1048884592394150e-01
186 3.9601416967824550e-02
187 5.9197953866823327e-01
188 -1.5487617138397658e+00
189 -4.1448562519697046e-01
190 -2.0915158473145584e-01
191 -1.0057298463018003e+00
192 1.6811233891135607e-01
193 1.5787305810949732e+00
194 -9.9737616535282547e-01
195 3.9122920432375391e-02
196 2.8398902289021288e+00
197 5.4249815502991842e-02
198 -1.1868923077100113e+00
199 -1.1627721444210541e+00
200 -3.5471875656305318e-01
201 -6.5964572870598592e-02
202 -9.1629674304433528e-02
203 1.0379894448173432e+00
204 -1.0937387920453272e-01
205 -1.6369573294954790e-01
206 -4.3187735661099885e-01
207 -1.2900904277664552e-01
208 6.0753978385766649e-01
209 -3.0466113204836781e-01
210 1.1434637450560192e-01
211 -1.2007638502945166e-01
212 1.4333305695148761e+00
213 1.6513541923692435e-02
214 -8.7223491617627180e-01
215 -2.0994213655833505e-01
216 9.4216324288801015e-02
217 4.0728717875070686e-01
218 -1.7310470008111574e+00
219 4.8243776364654302e-02
220 3.6903839336362165e-01
221 -6.8761939881109924e-01
222 -2.4546223947893228e-01
223 1.3560760136576770e+00
224 2.5107917682112970e+00
225 8.5608046290897921e-01
226 -2.1773552118666952e+00
227 -5.9762566395580174e-01
228 5.6289056959903737e-02
229 -1.3131832764955305e+00
230 7.1666469490577200e-02
231 1.6656290669038065e-01
232 -2.3594437099687565e-01
233 -4.2630548507914634e-01
234 1.3786459189589482e+00
235 -4.4303280393793232e-01
236 1.7101490023536612e+00
237 -7.2339031446927785e-02
238 -2.0097371157714918e+00
239 1.5167337275875774e+00
240 2.7643402608883517e-02
241 -1.0500660691978662e-01
242 -5.4663892155575422e-01
243 -3.4184380701540767e-01
244 -7.0809703195730000e-01
245 8.1236804853070443e-01
246 7.8711065872175107e-02
247 3.5388200222419375e-01
248 -9.2580052177607952e-02
249 6.8854894631443925e-03
250 -1.0236026732329790e+00
251 -1.4387463091473305e+00
252 2.2553204138814316e+00
253 1.0439312588591096e-01
254 6.5969498460551657e-01
255 -3.1287070242464347e-02
256 2.6217789530328317e-01
257 8.7977664074017470e-01
258 1.0094807623988324e-01
259 -2.5244961153957290e+00
260 -4.2866001540715321e-01
261 5.6942962003199504e-01
262 -2.1049732311712344e+00
263 1.5237445818570783e+00
264 -3.7861252289524583e-02
265 4.1001301592459294e-01
266 1.0343073446703661e+00
267 3.2287245285401021e-02
268 7.2275726254690942e-01
269 -3.2771973376026781e-01
270 1.2631427911069268e-01
271 4.6398890987632713e-01
272 -4.8585687553683998e-01
273 -1.9347271025426455e-01
274 -1.7105229227001322e+00
275 -6.9273373268478622e-01
276 -1.9287628266310513e-02
277 -4.3460395901370359e-02
278 2.2369954300275570e+00
279 2.2343327733222568e-01
280 -2.6731855037978353e-01
281 -7.2655698631747667e-01
282 2.1302683687607532e-01
283 4.5548157248360444e-01
284 -1.8093473189541620e-01
285 1.6101830629998908e-02
286 -1.1155896812154305e+00
287 8.0951669134062965e-01
288 1.3773928146262933e+00
289 -4.5010249275366637e-01
290 -3.1632674412981560e-01
291 7.6784414778002311e-02
292 -5.2859494341338953e-01
293 -1.1110089000787189e+00
294 -3.9061711492102552e-01
295 4.8919862941858205e-01
296 5.7384075642799526e-01
297 1.8399598214313140e-01
298 -5.1100083211868030e-01
299 -1.2125881691461750e-01
300 1.2798918010034194e-01
301 1.0382168228826716e+00
302 1.2618591940762438e+00
303 7.0542400386642999e-03
304 2.5004530737213881e-01
305 -2.0255550640689055e-01
306 -1.1025197302188767e+00
307 -6.1591167539297842e-01
308 -1.8249879455664129e+00
309 3.3248689653803641e-02
310 -1.2412055578266154e-01
311 1.3087957901374843e+00
312 4.3978093363988786e-02
313 -1.5107394877081795e+00
314 2.6558414289410135e+00
315 6.4514826131159575e-01
316 7.9260060354665518e-01
317 -9.2489908209350324e-01
318 -1.9714968062268462e-01
319 -4.6077807191873310e-01
320 -5.2690531515115924e-01
321 6.7150238745728910e-02
322 -3.5440876930943771e-01
323 -2.8300369536768871e-01
324 1.2201313440881496e+00
325 8.0465137992134450e-01
326 -2.7660637421642038e+00
327 1.3326710173535924e-01
328 -1.8401045169148236e-01
329 2.1909089696495658e+00
330 -5.0759959307750895e-02
331 -5.8680412758928813e-01
332 -7.5442748460989167e-02
333 -1.3849108694392345e+00
334 1.3134209763659865e+00
335 2.0674915564791219e-01
336 -1.3670359893930140e-01
337 8.5849207210405487e-01
338 -2.1123937155470848e-01
339 1.6762677060909140e-01
340 3.4280457228975048e-01
341 -1.8080049071492763e-01
342 5.6740966076306942e-01
343 -2.2190450008092260e+00
344 -2.3599605630889769e-01
345 -5.5173447639477570e-03
346 -6.6671570645289824e-01
347 -1.0406566106351369e+00
348 8.5133154311108156e-02
349 1.8703800836356106e+00
350 2.3517919160129948e+00
351 -2.1372226295140320e-01
352 -1.1145756788040786e+00
353 1.0825523493609663e+00
354 -2.3522510217884232e-01
355 -5.1757491673291224e-02
356 -3.5376323954573219e-01
357 1.5472245444175717e-01
358 -1.2734146979954546e+00
359 3.8665513431117104e-01
360 -1.4664802377529984e-01
361 -8.5435269196213059e-01
362 -1.4440438780619302e+00
363 4.2083770555989046e-02
364 2.1198319050075618e+00
365 -1.5120783126306836e-01
366 9.7396306731287283e-02
367 1.0236970844176514e+00
368 -8.5678836304887596e-02
369 4.4409197461143185e-01
370 7.6933888014541640e-01
371 -2.0276177887835614e+00
372 3.3404619317873419e-02
373 -5.9887234187167593e-01
374 8.9215049174874694e-01
375 7.8803499535800056e-02
376 -4.9801338680301999e-01
377 5.3522110151023938e-01
378 -6.2465597243681481e-01
379 1.4429413324685356e+00
380 -1.7642371441931395e-01
381 -5.0787551387131855e-02
382 -1.5156982941950674e+00
383 -1.2727234617302410e+00
384 9.1365502352014127e-02
385 -5.2204901442506635e-01
386 2.3792465318354972e+00
387 5.6955435745222549e-01
388 -8.4130755178186389e-01
389 4.5789978277674820e-01
390 5.8960707812759090e-02
391 9.6972135447972521e-02
392 9.1318331308569278e-01
393 1.6205434208333577e-01
394 8.1757892755561737e-02
395 2.2672827236133275e-01
396 -1.0011683620396135e+00
397 -4.7079521053247864e-01
398 -1.7523709395420068e+00
399 -7.9627613878428580e-02
400 5.6854912181238337e-01
401 -4.7502569692247443e-01
402 -9.9412770788478433e-02
403 2.1001050989273753e-01
404 -7.7291537162764490e-02
405 3.4902606742761860e-01
406 1.5643155424325326e+00
407 1.1206592310654941e+00
408 -3.5169810576094862e-02
409 2.1298729955573031e-01
410 -2.4669979126011979e-01
411 1.3168702659391657e-01
412 -3.6429753835865308e-01
413 -2.4192106218869034e+00
414 -1.9442476217767921e-01
415 -2.1580861690249500e-02
416 1.2946458588757108e+00
417 -1.7221825726713930e-01
418 -4.5914353619490050e-01
419 9.4212931552523871e-01
420 9.6453546540165913e-02
421 -1.5104071236949121e+00
422 -1.8096268362854756e-01
423 1.2019086216003032e+00
424 4.6089582725686518e-01
425 -6.4348939075674449e-01
426 2.4886948913212203e-02
427 1.0016880743443370e+00
428 -7.3574830391207102e-01
429 8.5885249502582958e-02
430 -3.1639603755766110e-01
431 5.7499930834849133e-01
432 -1.5101149138989522e-01
433 5.1813530122259244e-01
434 6.1380745962765337e-01
435 2.4352861796613945e-02
436 -1.4601741700889026e+00
437 -4.9906522849579693e-02
438 7.2706412925506100e-02
439 8.7384013424700346e-01
440 1.1866645370677109e-01
441 -2.2038823145053894e+00
442 -1.0362857916689967e+00
443 2.5752269270926764e-01
444 -2.0705250728969313e-01
445 -1.0119614817760615e-01
446 2.0436920593460255e+00
447 3.9340121823517142e-02
448 2.6056796944918994e+00
449 -7.1178117659378493e-01
450 1.2901672405717191e+00
451 -3.5935581285550350e-01
452 -1.8366444345836532e+00
453 -9.7146012073693500e-02
454 -9.0065955985346025e-01
455 6.0639094062651522e-01
456 1.8100075433528436e-02
457 -1.7368998943499375e-01
458 -1.9790499996480067e+00
459 1.7091626523236092e-01
460 6.0452158484372145e-02
461 6.1052694954191622e-01
462 2.5102080295006363e-01
463 1.4002613377654161e-01
464 3.7817556129218438e-01
465 9.5555966159086309e-03
466 -6.4246924639345326e-01
467 1.8386951113557395e+00
468 1.1629165237646031e+00
469 -1.0224267267307865e+00
470 -6.6767837064402269e-01
471 -2.0446370873160696e-01
472 5.4990841323810213e-01
473 -4.6087900843989804e-01
474 -1.0901948185432260e-01
475 3.3117057840320235e-01
476 -1.6952550819470134e+00
477 -1.1123288714473711e+00
478 2.2858133642134111e+00
479 1.1770754220840631e+00
480 5.8907116317996069e-02
481 -1.3017122660764431e+00
482 -1.5825157773794776e-01
483 2.7284660431558382e-02
484 -4.6110130646424902e-01
485 -2.4066119432387639e-01
486 -5.1518017191060661e-01
487 2.0804613882962331e-01
488 -2.2769274170370810e-01
489 2.1294932957490803e-01
490 1.2242898724856335e+00
491 1.1636003350734081e+00
492 6.6394422056792524e-02
493 -4.2802275511760840e-01
494 5.3332249125117548e-01
495 -2.8639036125175071e-01
496 1.4838884754459439e-01
497 2.5595385224574391e-01
498 1.0376890023913111e-02
499 -9.4458809484588135e-01
500 -8.6343015760294040e-01
501 -1.0111557151684908e-01
502 -2.1682814070007046e+00
503 5.8102226288076253e-01
504 7.2521146900281919e-01
505 -2.2109719093311098e-02
506 1.5732702314760166e-01
507 1.6262561803586990e-02
508 5.5646644844147120e-01
509 1.5564166211597247e-01
510 -4.7151587634263178e-02
511 7.4776086765873750e-01
512 1.1825935388184019e+00
513 -8.7961727540916454e-02
514 1.3258788713892347e+00
515 -1.0420954915058568e-01
516 8.5151803153929770e-02
517 -9.7257521854853779e-01
518 -3.8045748265652719e+00
519 5.1328051475937525e-02
520 -1.3783813490866181e-01
521 1.4543798179426926e+00
522 8.5816634253764645e-01
523 1.4556953286084950e-01
524 -1.7755887272506903e+00
525 -1.8105602706288307e-01
526 2.2963791636321513e+00
527 -1.6794793179608100e-01
528 6.0684644782808501e-02
529 -9.8289936791308330e-01
530 6.1791546820214671e-01
531 -1.3271524028657375e+00
532 8.7245977022325916e-01
533 4.1741312264251862e-01
534 4.8658914566926961e-02
535 -2.1046532278385938e-01
536 2.3240682476725177e-01
537 9.8035631685834512e-02
538 -4.9389430296640902e-01
539 1.7833646297153378e+00
540 1.0654872302431516e-01
541 -1.5762051840041664e+00
542 6.9926054368909074e-01
543 1.1117176036927436e-01
544 -1.0353438714722483e+00
545 -4.1769179282329871e-01
546 -2.9157557376736454e-01
547 1.5383413146511873e+00
548 -1.4428616828860670e+00
549 5.4951508678078054e-01
550 -1.0439934148469039e+00
551 2.2028108840310179e-01
552 -6.2020495718756044e-03
553 -1.1212284988660757e+00
554 -6.5497554621728515e-02
555 -5.9228641842089730e-02
556 1.8869521995901339e+00
557 1.8811167963652784e+00
558 3.3672803752204961e-01
559 5.3533834531791002e-01
560 4.2846261811792463e-01
561 -6.8683467488512076e-02
562 -1.0949671909916054e+00
563 -1.4293435441790669e+00
564 1.7969257013168780e-01
565 -5.2538342489053580e-01
566 6.8643945001203588e-01
567 -1.7260219453675745e+00
568 -5.8180621392674305e-02
569 -9.4662448525499876e-01
570 2.4266473986052025e-02
571 1.4309236136928258e+00
572 -9.4102311277342476e-01
573 1.1668817701804732e-01
574 1.2199926974339594e+00
575 -1.1347667373932373e-01
576 1.4294472901203970e+00
577 3.4872775177924470e-01
578 -6.7833283749335016e-01
579 -1.8316965946195504e-01
580 -2.6682819173540184e-01
581 1.0672280493650615e-01
582 1.1571895475179363e-01
583 9.0008797334992641e-01
584 -1.6997279536343735e-01
585 3.3265941671257637e-01
586 -1.6743604664797995e+00
587 -3.9555039458034991e-01
588 -3.2949366560933691e-01
589 8.6434080371118091e-02
590 7.3725318041708510e-01
591 -6.2942471725868478e-03
592 -9.1976150681232260e-01
593 1.4045697497773229e+00
594 2.7729354681426460e-01
595 -4.8493813186105500e-01
596 -4.3103983634737675e-01
597 1.3490875535698524e-01
598 -1.8274468308248992e-01
599 -8.1460757135705308e-01
600 4.1155669274818479e-02
601 -9.6168242894660871e-01
602 1.5646582164129519e+00
603 -5.6089208369878163e-01
604 1.0644044910990285e+00
605 -1.3190086165733061e-01
606 1.0631184625291449e-02
607 1.4637290575667519e+00
608 5.3283773374513044e-01
609 -1.2043104479072947e-01
610 -3.0526392037171923e-01
611 1.1297038891675553e+00
612 -9.2999833720094705e-01
613 -1.0716242067094177e+00
614 -9.2821773120354434e-01
615 1.8992532473634399e-02
616 -5.8683554671449045e-01
617 -8.9417784868543526e-01
618 5.0107871003675079e-02
619 -4.5447581792527908e-01
620 -1.0469827233422786e-01
621 3.0140371548786286e-02
622 1.9724377814248402e+00
623 5.0044047942023873e-01
624 -7.0488819622939111e-02
625 6.2077227355483544e-01
626 -2.2767796668750706e+00
627 3.5347814391160352e-02
628 2.2402575161211193e+00
629 1.0409949622587780e+00
630 9.7227910906068216e-01
631 -9.7060383412116324e-01
632 2.5486535976217001e-01
633 1.3931668373846087e-02
634 -1.3938812358696859e+00
635 1.5918064678363447e-01
636 -1.6629985853221321e-01
637 -2.0714839526770259e+00
638 -6.9442160888424953e-01
639 1.4041347485526456e-01
640 -2.8636190010025975e-01
641 1.0053430087816755e+00
642 1.0119964410346774e-01
643 1.7365894512249815e+00
644 -2.9895117228091950e-01
645 2.4358196346680974e-02
646 -4.2650441384215998e-01
647 -9.9358755275446731e-01
648 3.9234036935230970e-01
649 1.0739215241996611e+00
650 1.2126603664401880e+00
651 -4.7254835865552292e-02
652 -2.3332323313450560e+00
653 -2.4775446207999395e-02
654 2.0084192615657331e-01
655 -5.0791806483459012e-01
656 2.9493501121721183e-01
657 4.1021340709845583e-01
658 3.3018379638693189e+00
659 -1.4117617571185703e+00
660 -4.2817082482715353e-02
661 -2.0217832730067578e-01
662 -8.8435082012598021e-01
663 7.9779928447906684e-02
664 -2.4259056821686120e-02
665 2.4957247774891397e-01
666 -2.0871480056305365e+00
667 -7.5480031025758801e-02
668 1.1078979268166433e+00
669 -1.5733652438863480e-01
670 3.1158401418138532e-01
671 -4.4466338318861554e-01
672 -2.9131054826871844e-01
673 -1.6966828020166340e+00
674 1.2938016833925978e+00
675 -2.0000600515094838e-01
676 -1.7818480525118302e-01
677 1.8375397013777202e+00
678 2.5262411115255884e-01
679 1.1901303122138589e+00
680 1.1023081626135915e-01
681 6.9338551932709241e-02
682 -2.7247773928484731e-01
683 1.3203092475745855e+00
684 4.7862185660628936e-01
685 -4.1273945053711908e-01
686 -3.3442407364331621e+00
687 1.5235996304917310e-01
688 3.7825840183351106e-01
689 -1.0455056479226279e+00
690 -8.3149844525020455e-03
691 -5.9999286390082085e-01
692 -5.6238857094493877e-01
693 1.4162725783300882e+00
694 -1.5683351296632959e+00
695 5.3977426937084849e-01
696 2.7375060332929232e-02
697 -3.3381029645305577e-01
698 2.8187807222986256e+00
699 4.9461404144968128e-02
700 1.9837854244309550e+00
701 -1.3898928923971796e+00
702 -3.2209292459434086e-01
703 -5.3574605641909911e-01
704 -1.1566977597970927e+00
705 5.1402161510922084e-02
706 1.6314746476110977e+00
707 1.0933813582153569e-01
708 -1.9841726587080388e-01
709 -1.4041279803206105e-01
710 -7.8001802911317697e-02
711 -6.1509365363682622e-01
712 -1.1375463926575879e-01
713 -2.9616917315964282e-02
714 2.3317649427212214e-01
715 -2.6918543983274440e-01
716 -1.0741518008423447e+00
717 -1.7597657678779177e-01
718 5.8271366473572384e-01
719 9.6192902303394467e-01
720 2.3504989350386690e-01
721 5.1534250426342676e-01
722 -1.2875633773052597e+00
723 1.2183225615878710e-02
724 -1.2180810588104325e+00
725 5.0087170213617349e-01
726 6.3422895511355631e-02
727 7.3120557546602949e-01
728 6.8164434449191236e-01
729 -9.2013506726613536e-01
730 -2.2787973516061683e-01
731 -4.2811650429413656e-01
732 8.2155813318001758e-02
733 1.2679032652877236e+00
734 1.5427760500827175e+00
735 -9.4253695436483750e-02
736 -1.8257858221385365e-01
737 4.5386956676397555e-01
738 6.6927460797789784e-01
739 -8.1977526325509120e-01
740 6.4895335444166091e-01
741 -4.1058566381641105e-02
742 -3.0557478424831550e+00
743 -1.1759502807556099e+00
744 1.0741441485930550e-02
745 -1.2330159543775152e-01
746 -9.0253837571770801e-01
747 5.8546965203658062e-02
748 7.5254750072675458e-01
749 1.0408041132177732e+00
750 1.1876183873848825e-01
751 -1.8940648127960688e-01
752 7.9822414270058528e-01
753 1.6692820306050771e-01
754 8.0661195263430707e-01
755 3.0447946321300590e-01
756 -5.2691032124065984e-01
757 -6.4476169531543681e-01
758 2.1746035683599398e+00
759 -1.2112022399104371e-02
760 -5.6730061443702996e-02
761 -1.1615236463628071e+00
762 -7.6540062294488440e-02
763 2.0655913035119449e+00
764 -1.2785230196953987e+00
765 -2.6603173603146796e-01
766 -1.9180745486139719e+00
767 -1.2474236530397342e+00
768 -3.0418740745832021e-02
769 1.0982186136801841e+00
770 -7.8676079157754264e-01
771 -1.0207469675655946e-01
772 2.0069439482004281e+00
773 -1.5966747541144197e+00
774 8.5835438145765852e-01
775 1.9653247995833265e-01
776 -2.7052738268422971e-01
777 2.9290059246020145e-01
778 6.9008385353174584e-01
779 1.7179474937384084e-01
780 4.9734500075178274e-02
781 -1.1362144265360027e-01
782 1.4614317146358810e-01
783 -1.3303578362561158e-01
784 -1.4636654061049779e+00
785 6.4083950915105448e-01
786 2.4422618088576686e-01
787 -5.3699317528963508e-01
788 6.8964421870827422e-02
789 -1.7679015418655855e-01
790 3.4169375529008317e-01
791 2.5981536992032597e+00
792 -3.2193137741349331e-01
793 5.1650296640558180e-01
794 -7.0951812040708306e-01
795 -4.7571074869724457e-02
796 -1.4781613488153358e+00
797 -8.9163074445453805e-01
798 -1.2000400819092709e-01
799 -9.0343773475038636e-01
800 1.2115581025233049e+00
801 2.7453624042887009e-01
802 -7.1589354448385212e-01
803 -3.3194149832025072e-01
804 -8.3856650467876923e-02
805 -8.5516978308274802e-02
806 3.1649901256659502e-01
807 3.8023136087864028e-02
808 -2.4853522048981672e-02
809 -5.7537726377112353e-01
810 5.2600426136718892e-01
811 8.1579788022992672e-01
812 1.3195327813318165e+00
813 -5.3833407130779908e-02
814 1.6889043050776036e+00
815 -6.6743519235137716e-01
816 5.6370296352390936e-02
817 2.2032919704574766e-01
818 3.2098526496033003e-01
819 -1.6450847847295444e+00
820 -2.0809639952509232e-01
821 -2.8648985926025644e-01
822 1.9846084765489524e-01
823 2.2234763692262058e-01
824 -1.1714158886901449e-01
825 8.0373800078126389e-02
826 -3.6459031847286889e+00
827 -7.0495283638273709e-01
828 -1.6400143285035729e-01
829 1.5479286808135522e+00
830 -3.2523820841938507e-02
831 5.0424173972621186e-03
832 1.3435731857608917e+00
833 1.6565910509507979e+00
834 -2.5954377979890952e-01
835 3.1692155205634420e-01
836 -3.8729706301979794e-01
837 -5.2201452010725194e-02
838 1.4198480377082630e+00
839 2.7422931871363676e-01
840 3.1014747095683668e-02
841 -6.6684093285648383e-01
842 -2.2762775591819584e+00
843 8.4299139401202053e-02
844 -1.5264586367826921e-01
845 -5.0971657405372864e-02
846 1.8113522953825700e+00
847 6.5228323501145713e-01
848 -7.3873267466947856e-01
849 -5.2848879396137249e-02
850 -9.6978041461505593e-01
851 1.8357817331237908e-01
852 2.0995829277515397e-02
853 -1.2970640072186996e+00
854 1.5096064043155177e+00
855 1.3691066983874114e-01
856 -2.3658471643310902e-01
857 -6.1724858470386834e-01
858 1.2943337543098804e-01
859 -1.5202775796892645e-01
860 -2.6688632294402109e-01
861 -9.3918872898427319e-02
862 8.6656269096298666e-01
863 -7.7752647527914098e-01
864 -3.2180125101428503e-01
865 -1.6087266797356406e-01
866 7.8085976235886279e-01
867 5.2218135171893131e-02
868 5.1775904910131909e-01
869 4.9773466813819928e-01
870 3.6704972858427005e-02
871 -5.2720135247522770e-01
872 -4.6952755596378576e-01
873 6.5289199943491383e-01
874 -7.5209662274322131e-02
875 1.2214288758474863e+00
876 6.1325032400893084e-02
877 5.2189062988657697e-01
878 1.3169310404858343e+00
879 1.2891186646846262e-01
880 -1.9019865891279283e-01
881 -1.6112573181823964e+00
882 -3.3213933031887657e+00
883 6.5341965202184674e-02
884 -8.7412674828645576e-01
885 -5.6762740176834109e-02
886 3.8810260979546524e-01
887 5.4309587923902169e-01
888 -6.6575615001237265e-02
889 -7.8719536112296939e-01
890 -1.5250637916127210e-01
891 7.6620967080164315e-01
892 1.7238989398561393e+00
893 4.6495061046692754e-01
894 5.9279575311444684e-02
895 -3.0726476555025245e-01
896 1.4161372339136513e+00
897 1.4081583365470178e-02
898 -1.0727024229288888e+00
899 1.3070938748591868e-01
900 1.0882645222937881e+00
901 8.3611695920996387e-01
902 -5.4155676160372901e-01
903 -1.2046162439606949e-01
904 -5.9058546639361953e-01
905 -3.4843582610770035e-01
906 -1.4638328217011320e-01
907 -9.1958685273103158e-01
908 -7.5972869508606933e-01
909 5.9971668226749174e-02
910 9.1384274499125184e-01
911 -9.0441299936299491e-01
912 -2.8980962997941277e-02
913 -4.7335700207911065e-02
914 -2.6177482905229771e-01
915 2.3483459686875350e-02
916 -1.6693831751141275e+00
917 2.5117775229802786e+00
918 2.5755826628050538e-01
919 -1.5922120244564833e-01
920 1.9459271847653919e-02
921 7.1429570915056792e-02
922 9.2012333319756745e-01
923 1.3197493070181063e-01
924 2.1175909152781083e-01
925 -1.2182023803435462e+00
926 2.1101741780698174e-01
927 2.8274383557244581e-01
928 8.0584987649123896e-01
929 -1.4342474521275439e+00
930 1.4462545464007917e-02
931 -8.5257648975941902e-01
932 -5.4205839790436727e-01
933 -1.5191373397520427e-01
934 2.7710997433881572e+00
935 2.1542591191871469e-01
936 3.7395457951745964e-01
937 1.5033729984478081e+00
938 -1.5408650103917403e+00
939 1.7524153014909050e-01
940 -5.6316748860464350e-01
941 -4.9417964210489679e-01
942 -3.0824942776179509e-01
943 -5.8878830501187418e-02
944 -8.8129725623770239e-01
945 -1.5050832126581551e-01
946 -6.9455752999619924e-01
947 -6.1079780417396667e-01
948 -9.1950459647274135e-02
949 3.8556547835256000e-01
950 4.9885215745510325e-01
951 1.0710939630489209e-01
952 -5.4498102029489492e-01
953 1.3399875232137830e+00
954 -1.6763438720029857e+00
955 -3.6591559337182827e-01
956 1.9284603044421469e+00
957 5.3774283906878516e-02
958 1.7738927879934323e+00
959 2.0406028161389704e+00
960 6.0497954340813405e-02
961 -9.4877153096826528e-01
962 -1.9615123970237616e+00
963 5.7168312500771201e-01
964 -1.3343601287957851e-01
965 5.7391235743981561e-01
966 4.1565458405254850e-02
967 -8.1971654462023680e-01
968 -1.4881293161137973e-01
969 3.1531263720634320e-02
970 -3.6296363657396047e-01
971 5.8736277393363145e-01
972 -4.3413341335138622e-01
973 -2.6691963136708234e+00
974 3.1464972335449198e-01
975 -9.2824333027704306e-02
976 3.6431564855994036e-01
977 -1.5676543189550105e+00
978 3.1967032639224868e-01
979 -2.2187309953056455e-01
980 1.0330264176609605e+00
981 1.1336729708672899e+00
982 1.7532931840169317e+00
983 9.5344300698367113e-01
984 2.2972716923367460e-02
985 2.1186275161331203e-02
986 -6.4605823347317803e-01
987 -2.5645758273405689e-01
988 4.4986336962026624e-01
989 -7.4730360804421386e-02
990 -4.3058384449126258e-01
991 -1.1292671245924963e+00
992 3.1546235179799925e-01
993 6.9425380281234864e-02
994 3.8642200098258028e-01
995 -4.2067086659670344e-01
996 8.8346784894659282e-03
997 6.2950806661542846e-01
998 -1.4258468880218125e+00
999 3.2111331978534885e-01
1000 -2.7860099626612905e-01
1001 1.3308865428474381e+00
1002 -1.5166423297890719e-01
1003 1.0003658377928284e+00
1004 -1.8261907967202311e+00
1005 -2.5766263072276471e-02
1006 8.7834739413680696e-01
1007 -4.2895300553505772e-01
1008 -1.1647775833185612e+00
1009 2.5505279133670150e-01
1010 -3.7007878191740222e-02
1011 -9.3780607431817528e-02
1012 1.3376281766460346e-01
1013 -7.7322405904553060e-01
1014 2.8047037523944877e-02
1015 3.7825845148869952e-01
1016 1.7557207691059279e-01
1017 1.4258736926313096e+00
1018 2.3684975665282582e-01
1019 -3.3114637103918654e-01
1020 -5.0768641452090452e-02
1021 -1.7991822225940071e+00
1022 1.1369180866559407e+00
1023 2.9054243978417278e-02
1024 1.5314456602274122e+00
1025 3.9221634074111750e-01
1026 -1.3893821689288835e-01
1027 -5.8545088106679366e-01
1028 1.1107062213726437e+00
1029 2.5307358276306685e-01
1030 -1.7250924865248154e-01
1031 -4.4627611721176863e-01
1032 4.6548184071616129e-02
1033 1.0172384241917134e+00
1034 -1.4531116244717395e+00
1035 -5.0224971716414712e-02
1036 -3.2160055064040445e+00
1037 -4.3412236535548387e-01
1038 4.3256658296078936e-02
1039 -1.7030248060242432e+00
1040 2.5859993723978197e-01
1041 1.4518247424754768e-01
1042 2.1894888318863437e+00
1043 5.9768172094806338e-01
1044 7.3017718364615947e-01
1045 -8.7741770858721896e-02
1046 1.9258274537019734e-01
1047 -2.3109768453617965e-01
1048 -6.0313636692658024e-01
1049 1.2248766858799975e+00
1050 -2.0212110645702197e-01
1051 1.5256242331007395e+00
1052 1.8948910764938913e+00
1053 -9.4432367932307038e-01
1054 -2.0326390361823543e-01
1055 1.3147092405014068e-03
1056 9.6308026131816007e-02
1057 -1.5339830248277961e+00
1058 -1.4319320864850187e+00
1059 -1.3387342427289156e-01
1060 4.3368993780031123e-01
1061 1.3787258211921445e+00
1062 -1.9918549030653538e+00
1063 4.0227760622193430e-02
1064 2.8915645625994280e-01
1065 -1.5396056136049226e-02
1066 6.0623376391365558e-01
1067 -5.2594106123413498e-01
1068 1.6968603910142871e-01
1069 -9.0375221105014680e-01
1070 -5.1345038254743947e-01
1071 1.2608094527512439e+00
1072 -1.4591326839175300e-01
1073 -6.6124039940814217e-01
1074 6.3786292029934577e-02
1075 3.5714283481916281e-01
1076 -3.6542054762940690e-01
1077 1.4737932482698052e-01
1078 2.6068857554722569e+00
1079 -6.1564465623095338e-02
1080 -1.4422077450978738e-01
1081 -7.0830010302577892e-02
1082 -2.3890919992276922e+00
1083 1.2770172092903906e-01
1084 8.2722998465369235e-01
1085 2.0043747527828162e-01
1086 2.8761980924956454e-01
1087 6.5834307423278882e-01
1088 -1.2942010772701000e+00
1089 8.2684756287302291e-02
1090 -4.4929066830360637e-01
1091 1.0374764287111626e+00
1092 -4.8308066549454076e-01
1093 -5.6240279198699772e-01
1094 2.9264655585814849e+00
1095 8.1336469228348107e-01
1096 -1.1340540525431368e+00
1097 1.0204666607747290e-01
1098 4.8089758458120624e-01
1099 -2.9250300582191788e+00
1100 -5.5682887535666126e-01
1101 -4.7061954822751649e-03
1102 6.6713242130096262e-01
1103 -2.9295416111153005e-01
1104 4.1284410832410343e-02
1105 2.8870776509224216e-01
1106 -1.7337926569672524e+00
1107 -4.9068145928268259e-01
1108 2.2359502999415073e-01
1109 1.5011510539488385e-01
1110 -3.4621402698240189e-01
1111 -2.7096736802139687e-01
1112 3.9806290864676380e-01
1113 3.1771702546557873e-01
1114 1.4816016818042783e+00
1115 9.9755305137496686e-01
1116 2.2431133303276258e+00
1117 2.6299004973182660e-01
1118 1.2693334715233831e+00
1119 -1.7147868274986537e+00
1120 -4.8645162168552963e-01
1121 -2.0539405087249540e+00
1122 -8.7977152384248247e-01
1123 1.5342746150519191e+00
1124 1.0710529625230847e+00
1125 9.4943147700601149e-01
1126 -1.7852868298883724e+00
1127 2.2205719387097824e+00
1128 8.8782760514960501e-01
1129 -1.1990616136426278e+00
1130 -6.3168190913718050e+00
1131 -1.7863250587315789e+00
1132 7.9447040535379365e-01
1133 2.6779392267868993e+00
1134 3.5611872612411117e+00
1135 4.3304007649635337e-02
1136 -1.2162609244293292e+00
1137 -8.3531172420433109e-01
1138 2.4751962101995590e+00
1139 -2.5911959288276227e+00
1140 -1.0602442519125058e+01
1141 8.0739768376573318e-01
1142 5.6215918266827085e+00
1143 2.9441084902718249e+00
1144 1.6428981252791071e+00
1145 1.0013485067368503e+01
1146 6.1063452520019705e+00
1147 -4.0332797152477768e+00
1148 -1.1469182039392198e+01
1149 -7.7804180671920387e+00
1150 -1.8023447542240663e+00
1151 -3.7355509579382251e+00
1152 1.0921399557832657e+01
1153 -5.8628433846657257e+00
1154 6.9673417789907273e+00
1155 1.8847729618057308e+01
1156 1.3625380361581890e+01
1157 -1.2266601901763517e+01
1158 -4.2283133587063475e+01
1159 -5.5241098668110817e+00
1160 1.9556364684592555e+01
1161 1.1791660826407893e+01
1162 -1.1549400887955411e+01
1163 3.9547764754910291e+00
1164 1.2454593443148928e+01
1165 1.5661754890655496e+01
1166 -6.1544636172895437e+00
1167 -1.6708186238140616e+01
1168 7.4276239624663081e+00
